0.1862209
0.1882063
0.06063092
0.1024584
0.08673132
0.05764286
0.715196
0.1332731
0.1090859
0.1597425
0.08482192
0.1101935
0.09499606
0.1428257
0.04596981
0.03161932
0.1070306
0.07630304
0.6039061
0.0732949
0.1591217
0.3781365
0.08951262
0.2302639
0.1616649
0.04887497
0.04704817
0.1281766
0.05026274
0.04385385
0.2938303
0.07487694
0.3013279
0.1631723
0.08772082
0.2365056
0.04843339
0.0562214
0.04162258
0.09905463
0.1044054
0.07675859
0.3704285
0.05491046
0.05660532
0.05404189
0.1130768
0.04363805
0.1157916
0.0796376
0.03218314
0.121668
0.137345
0.06547205
0.079616
0.1979642
0.05309146
0.04844659
0.04133823
0.08380405
0.06945188
0.08554927
0.182398
0.1062658
0.05988579
0.06449576
0.1476358
0.7084579
0.05224968
0.07820389
0.07356946
0.1125067
0.1446755
0.1129408
0.0575559
0.0390652
0.09345853
0.5171005
0.08697732
0.3698682
0.1704967
0.04211073
0.04738735
0.141552
0.06530534
0.04157545
0.1791621
0.0550657
0.1171254
0.2521958
0.05374598
0.1131841
0.08773121
0.1817932
0.1575532
0.1328133
0.08149576
0.05961765
0.04168352
0.06035646
0.09973217
0.04209774
0.3694084
0.1619624
0.145231
0.07608847
0.1678885
0.2346357
0.119101
0.2177276
0.1883318
0.085689
0.1030792
0.07520229
0.100978
0.08967177
0.1035039
0.1816328
0.1900052
0.05335006
0.06980742
0.1018394
0.1426762
0.1446641
0.1027564
0.184638
0.03624367
0.05619807
0.04539036
0.1381854
0.04086214
0.1748354
0.2009795
0.5323883
0.2388346
0.1257852
0.1423478
0.1308138
0.1375795
0.1962706
0.06309139
0.1674003
0.03851902
0.231805
0.06568988
0.1807529
0.03373888
0.09051759
0.1252197
0.08550914
0.14283
0.1621506
0.07469124
0.6051859
0.09005325
0.07279613
0.07330995
0.03888897
0.2035847
0.1477081
0.2965565
0.038084
0.07353572
0.1090012
0.1402758
0.1256953
0.6442557
0.03943047
0.1375617
0.03059991
0.04153777
0.07733215
0.05142627
0.05955385
0.1054447
0.05120279
0.04420076
0.04223234
0.08777634
0.1435412
0.4053785
0.1407131
0.06612413
0.2489576
0.06196365
0.1916687
0.08460482
0.05106991
0.1249825
0.08577118
0.05610086
0.07374496
0.2306912
0.1456783
0.04422491
0.07302789
0.1598426
0.1844281
0.05114348
0.04541987
0.06122766
0.04800088
0.09250712
0.1553682
0.6215431
0.07152164
0.06649884
0.1501738
0.1806806
0.1614845
0.2684044
0.1887659
0.06713299
0.1086423
0.05362812
0.1227527
0.04706939
0.09100538
0.04916621
0.2216593
0.04080299
0.2249672
0.05510385
0.08649381
0.1431017
0.1156753
0.1598665
0.130237
0.05503583
0.3018369
0.09088825
0.04952772
0.09931373
0.03037044
0.1402068
0.04865243
0.04088427
0.06865173
0.03502287
0.04689458
0.09141573
0.2506879
0.09642063
0.2954803
0.0810927
0.3249172
0.1443519
0.2272137
0.08067318
0.1320301
0.1127351
0.04369505
0.04570249
0.09802998
0.161199
0.08753264
0.1453214
0.5548288
0.1441285
0.07291207
0.1034175
0.05213823
0.1793276
0.05086015
0.05074367
0.0443074
0.0639438
0.2211174
0.07568939
0.1347585
0.07598432
0.08929126
0.1019077
0.1781448
0.2648044
0.1710207
0.1532046
0.09059158
0.03625368
0.5801114
0.1641162
0.104934
0.108867
0.05980878
0.09280549
0.2022733
0.1242993
0.1132585
0.1174256
0.1096582
0.02524806
0.03849525
0.1331137
0.2991548
0.2103248
0.03416679
0.04135707
0.1184825
0.3075784
0.7049809
0.08971937
0.1771232
0.07925357
0.04942704
0.1516654
0.1262511
0.04046211
0.2019255
0.04954127
0.06333931
0.1800765
0.03250243
0.06632248
0.1337785
0.1199016
0.06316133
0.09745999
0.1192291
0.1078096
0.1240907
0.1644798
0.06230535
0.1953081
0.0391674
0.1690671
0.1821844
0.1893424
0.1767745
0.04817929
0.1564319
0.08296452
0.1252741
0.1794981
0.1065141
0.06057839
0.2182991
0.04471777
0.2469014
0.05727499
0.07547318
0.04037667
0.03788988
0.1338207
0.210272
0.0374257
0.1574328
0.05555522
0.1995934
0.2492709
0.0388477
0.06174602
0.05815597
0.2100084
0.03535145
0.1170881
0.03170069
0.2475444
0.05517833
0.1322967
0.08888084
0.0490565
0.6739625
0.1297168
0.04795564
0.05513392
0.05446522
0.1837636
0.03302098
0.1428317
0.04371676
0.140921
0.1240175
0.1500074
0.102899
0.1470242
0.1742512
0.06386057
0.0731808
0.1596424
0.2028195
0.1553069
0.1712911
0.1911271
0.04633157
0.05981595
0.3244284
0.212664
0.076372
0.0634115
0.1426343
0.05016527
0.09033242
0.04917367
0.2095004
0.1962461
0.1126249
0.06526629
0.05171375
0.02834949
0.2461552
0.1955387
0.1521116
0.1645715
0.07150415
0.1574022
0.1332875
0.1114082
0.2526981
0.1025721
0.2889419
0.08021648
0.09715395
0.05933527
0.1058503
0.1391685
0.06471012
0.2037149
0.1529685
0.08186176
0.1468989
0.0517344
0.1528221
0.3363795
0.1133492
0.04386575
0.7096851
0.1103247
0.04241755
0.0351176
0.07044535
0.2290399
0.08350357
0.05741971
0.1874141
0.1528045
0.03875925
0.2204559
0.04386185
0.09613718
0.05974097
0.06359347
0.0516935
0.1670066
0.04957512
0.07007953
0.04222332
0.1128245
0.1376648
0.6173225
0.03490769
0.06398393
0.1840667
0.07969863
0.04134325
0.4873377
0.3706552
0.06138581
0.1759968
0.07003022
0.1380862
0.05781611
0.03524792
0.06356268
0.6297372
0.1446051
0.04823242
0.2351053
0.03390227
0.1049787
0.1731848
0.1404842
0.05286224
0.1224106
0.04939709
0.09335697
0.1591456
0.05234832
0.08866575
0.08305109
0.09780331
0.07558803
0.1415214
0.04182253
0.1492726
0.0391848
0.04064577
0.0355048
0.08478934
0.09951165
0.06867121
0.1508768
0.1164052
0.1854166
0.1860098
0.1375751
0.04261886
0.1227124
0.2126724
0.04793188
0.3194848
