0.1024141
0.1035061
0.03334461
0.05634807
0.0476988
0.03170129
0.3933295
0.07329495
0.05999295
0.08785203
0.0466487
0.06060208
0.05224408
0.07854848
0.02528158
0.01738937
0.05886257
0.04196366
0.3321244
0.0403093
0.08751067
0.2079601
0.0492284
0.126636
0.08890931
0.0268793
0.02587463
0.07049207
0.02764252
0.02411788
0.161595
0.04117936
0.1657185
0.08973834
0.04824298
0.1300687
0.02663645
0.03091954
0.02289077
0.05447613
0.05741887
0.04221419
0.203721
0.03019858
0.03113069
0.0297209
0.06218778
0.0239992
0.06368078
0.04379753
0.01769945
0.06691261
0.07553429
0.03600704
0.04378565
0.1088725
0.02919821
0.02664371
0.02273439
0.04608891
0.03819579
0.04704872
0.1003117
0.05844197
0.03293482
0.03547011
0.08119383
0.3896238
0.02873526
0.04300905
0.0404603
0.06187422
0.07956578
0.06211297
0.03165347
0.02148432
0.0513985
0.2843848
0.04783408
0.2034129
0.09376641
0.02315924
0.02606117
0.07784799
0.03591536
0.02286486
0.0985321
0.03028396
0.06441433
0.1386977
0.02955816
0.0622468
0.0482487
0.09997908
0.08664805
0.07304209
0.04481944
0.03278735
0.02292429
0.03319367
0.05484875
0.02315209
0.20316
0.08907291
0.0798713
0.04184565
0.09233204
0.1290403
0.06550084
0.1197415
0.1035751
0.04712556
0.0566895
0.04135829
0.05553388
0.04931593
0.05692307
0.09989087
0.1044953
0.02934042
0.03839132
0.05600765
0.07846627
0.07955954
0.05651198
0.1015436
0.01993258
0.03090671
0.0249629
0.07599648
0.02247256
0.09615253
0.1105308
0.2927925
0.1313496
0.06917688
0.07828565
0.0719424
0.07566331
0.107941
0.03469777
0.09206355
0.02118394
0.1274836
0.03612684
0.09940697
0.01855505
0.0497811
0.06886587
0.04702665
0.07855082
0.08917642
0.04107722
0.3328283
0.04952573
0.04003499
0.04031757
0.0213874
0.1119635
0.08123361
0.1630943
0.02094469
0.04044173
0.05994635
0.07714613
0.06912745
0.3543152
0.0216852
0.07565351
0.01682874
0.02284413
0.04252962
0.02828241
0.03275226
0.05799043
0.02815951
0.02430867
0.02322612
0.04827352
0.07894199
0.2229422
0.07738665
0.03636566
0.1369168
0.03407755
0.1054102
0.04652931
0.02808643
0.06873542
0.04717075
0.03085325
0.04055681
0.126871
0.08011729
0.02432195
0.04016245
0.0879071
0.1014282
0.02812689
0.02497913
0.03367279
0.02639858
0.05087526
0.08544639
0.3418241
0.03933407
0.03657173
0.08258966
0.09936719
0.08881011
0.1476118
0.1038138
0.03692049
0.05974897
0.02949335
0.06750912
0.0258863
0.05004936
0.02703947
0.1219039
0.02244003
0.1237231
0.03030494
0.04756817
0.07870028
0.06361684
0.08792023
0.07162522
0.03026753
0.1659984
0.04998495
0.02723829
0.05461862
0.01670254
0.07710818
0.02675691
0.02248473
0.03775574
0.01926119
0.02579017
0.05027504
0.1378684
0.05302754
0.1625025
0.04459778
0.1786916
0.07938782
0.1249586
0.04436706
0.07261135
0.06199986
0.02403055
0.02513456
0.05391261
0.08865307
0.04813949
0.07992104
0.3051339
0.07926497
0.04009875
0.05687554
0.02867396
0.09862307
0.02797107
0.02790701
0.02436732
0.03516656
0.1216058
0.04162617
0.07411185
0.04178837
0.04910666
0.05604521
0.09797259
0.145632
0.09405461
0.08425646
0.04982179
0.01993809
0.3190384
0.09025739
0.05770955
0.05987254
0.03289247
0.05103935
0.1112423
0.06835967
0.06228772
0.06457941
0.06030767
0.01388543
0.02117086
0.07320724
0.1645233
0.1156703
0.01879038
0.02274475
0.06516068
0.169156
0.3877116
0.0493421
0.09741073
0.04358633
0.02718292
0.08340999
0.06943311
0.02225256
0.111051
0.02724574
0.03483412
0.09903494
0.01787505
0.03647474
0.07357288
0.06594115
0.03473623
0.05359914
0.0655713
0.05929103
0.06824499
0.09045738
0.03426548
0.1074118
0.02154052
0.09298024
0.1001942
0.1041308
0.09721897
0.0264967
0.08603137
0.0456272
0.06889582
0.09871687
0.05857854
0.03331572
0.1200559
0.024593
0.135786
0.03149898
0.04150726
0.02220557
0.02083793
0.07359608
0.1156413
0.02058266
0.08658182
0.03055317
0.1097685
0.1370891
0.0213647
0.03395787
0.03198348
0.1154963
0.0194419
0.06439381
0.01743412
0.1361396
0.0303459
0.07275796
0.04888095
0.02697914
0.3706527
0.07133911
0.02637371
0.03032147
0.02995371
0.1010627
0.01816024
0.07855177
0.02404249
0.07750096
0.06820474
0.08249811
0.05659037
0.08085749
0.09583127
0.03512079
0.04024655
0.08779703
0.1115427
0.08541263
0.09420335
0.1051124
0.02548053
0.03289641
0.1784228
0.1169568
0.04200158
0.03487382
0.07844323
0.02758891
0.04967926
0.02704357
0.1152169
0.1079276
0.06193924
0.03589388
0.02844052
0.0155911
0.1353756
0.1075386
0.08365534
0.09050782
0.03932446
0.086565
0.07330288
0.06127012
0.138974
0.05641059
0.1589066
0.04411589
0.05343083
0.03263205
0.0582135
0.07653719
0.035588
0.1120351
0.08412664
0.04502073
0.08078861
0.02845187
0.0840461
0.1849954
0.0623376
0.02412443
0.3902988
0.06067422
0.02332797
0.01931329
0.03874215
0.1259629
0.04592366
0.03157857
0.1030703
0.08403641
0.02131606
0.121242
0.02412228
0.05287164
0.03285517
0.03497389
0.02842938
0.09184705
0.02726435
0.03854097
0.02322115
0.06204902
0.07571018
0.339503
0.01919785
0.03518863
0.1012294
0.0438311
0.02273715
0.2680165
0.2038457
0.03375977
0.0967913
0.03851385
0.07594193
0.03179657
0.01938496
0.03495696
0.3463306
0.07952707
0.02652592
0.1292986
0.01864491
0.05773412
0.09524477
0.07726076
0.02907214
0.06732098
0.02716644
0.05134264
0.08752377
0.02878951
0.04876265
0.04567481
0.05378795
0.04157042
0.07783116
0.02300074
0.08209404
0.02155009
0.02235357
0.01952623
0.04663078
0.05472748
0.03776645
0.08297627
0.06401828
0.1019718
0.102298
0.07566086
0.02343869
0.06748694
0.1169614
0.02636064
0.175704
