0.1350629
0.1365029
0.0439746
0.07431138
0.06290479
0.04180741
0.5187197
0.09666079
0.07911821
0.1158586
0.06151994
0.07992153
0.06889907
0.1035891
0.03334114
0.02293297
0.07762749
0.05534133
0.438003
0.05315958
0.1154084
0.2742561
0.06492201
0.1670066
0.1172529
0.0354482
0.03412326
0.09296437
0.03645473
0.03180647
0.2131102
0.05430701
0.2185482
0.1183462
0.06362245
0.1715336
0.03512793
0.04077645
0.03018817
0.07184268
0.07572354
0.05567174
0.2686657
0.03982564
0.0410549
0.03919568
0.08201274
0.03164995
0.08398171
0.05775983
0.0233419
0.08824381
0.09961402
0.04748579
0.05774417
0.1435801
0.03850636
0.03513751
0.02998193
0.06078168
0.05037229
0.06204747
0.1322902
0.07707281
0.04343417
0.0467777
0.1070778
0.5138327
0.03789583
0.05671998
0.05335871
0.08159923
0.1049307
0.08191408
0.04174434
0.02833334
0.06778392
0.3750444
0.06308321
0.2682593
0.1236584
0.03054222
0.03436926
0.1026653
0.04736488
0.03015399
0.1299433
0.03993824
0.0849491
0.1829134
0.03898107
0.08209058
0.06362999
0.1318516
0.1142707
0.09632731
0.05910752
0.04323969
0.03023237
0.04377554
0.07233409
0.03053279
0.2679258
0.1174686
0.1053336
0.05518571
0.1217668
0.1701773
0.08638198
0.1579142
0.136594
0.06214881
0.07476165
0.05454298
0.07323764
0.06503744
0.07506968
0.1317353
0.1378076
0.03869391
0.05063016
0.07386243
0.1034807
0.1049225
0.07452754
0.1339149
0.02628693
0.04075953
0.03292087
0.1002235
0.02963663
0.1268052
0.1457671
0.3861324
0.1732228
0.09122992
0.1032425
0.09487706
0.09978416
0.1423518
0.04575914
0.1214127
0.0279372
0.1681243
0.04764378
0.1310971
0.02447025
0.0656509
0.09081975
0.06201836
0.1035922
0.1176051
0.05417231
0.4389313
0.06531413
0.05279782
0.05317049
0.02820553
0.1476566
0.1071302
0.2150875
0.02762169
0.05333423
0.07905676
0.1017397
0.09116472
0.467268
0.02859827
0.09977123
0.02219361
0.03012666
0.05608772
0.03729862
0.04319342
0.07647731
0.03713653
0.03205808
0.03063042
0.06366272
0.1041081
0.2940143
0.1020569
0.04795874
0.1805648
0.04494121
0.1390141
0.06136248
0.03704016
0.09064772
0.06220841
0.04068902
0.05348599
0.1673165
0.105658
0.0320756
0.05296592
0.1159312
0.1337627
0.03709352
0.03294228
0.04440741
0.03481424
0.06709388
0.112686
0.4507949
0.05187346
0.04823051
0.1089186
0.1310447
0.1171221
0.1946693
0.1369088
0.04869044
0.07879645
0.03889559
0.08903048
0.03413865
0.06600469
0.03565944
0.1607658
0.02959373
0.163165
0.03996591
0.06273252
0.1037893
0.08389738
0.1159485
0.09445876
0.03991657
0.2189173
0.06591974
0.03592163
0.0720306
0.02202718
0.1016897
0.0352868
0.02965269
0.04979196
0.02540151
0.03401186
0.06630231
0.1818197
0.06993228
0.214307
0.05881519
0.235657
0.104696
0.1647943
0.05851092
0.09575927
0.08176491
0.03169129
0.03314726
0.07109952
0.1169149
0.06348597
0.1053992
0.4024081
0.104534
0.05288191
0.075007
0.03781499
0.1300633
0.03688803
0.03680354
0.03213542
0.04637737
0.1603728
0.05489626
0.09773811
0.05511017
0.06476147
0.07391197
0.1292055
0.1920582
0.1240385
0.1111167
0.06570457
0.02629419
0.4207452
0.1190307
0.07610688
0.07895942
0.04337832
0.06731028
0.1467054
0.09015218
0.08214454
0.08516681
0.07953326
0.018312
0.02791996
0.09654512
0.216972
0.1525451
0.0247806
0.02999559
0.08593337
0.2230815
0.5113109
0.06507197
0.1284645
0.0574813
0.03584861
0.1100004
0.09156782
0.0293465
0.1464532
0.03593146
0.04593895
0.1306065
0.02357347
0.0481026
0.09702732
0.08696266
0.04580986
0.07068612
0.0864749
0.07819252
0.09000095
0.1192945
0.04518903
0.1416538
0.02840747
0.1226216
0.1321353
0.1373269
0.1282116
0.03494364
0.1134575
0.06017279
0.09085924
0.130187
0.0772529
0.0439365
0.1583287
0.03243306
0.1790735
0.0415406
0.05473945
0.02928453
0.0274809
0.09705792
0.1525068
0.02714424
0.1141834
0.04029328
0.1447618
0.180792
0.0281756
0.04478336
0.04217956
0.1523156
0.02563982
0.08492204
0.02299198
0.1795398
0.04001993
0.09595261
0.06446379
0.03557987
0.4888138
0.09408145
0.03478143
0.03998771
0.03950272
0.1332807
0.02394957
0.1035934
0.03170704
0.1022076
0.08994786
0.1087978
0.07463092
0.1066342
0.1263815
0.04631701
0.05307682
0.115786
0.1471016
0.1126415
0.1242346
0.1386213
0.03360352
0.04338352
0.2353025
0.1542417
0.05539135
0.04599131
0.1034503
0.03638403
0.0655166
0.03566485
0.1519472
0.1423341
0.08168498
0.04733656
0.03750712
0.02056141
0.1785323
0.141821
0.110324
0.119361
0.05186078
0.1141612
0.09667125
0.08080254
0.1832778
0.07439384
0.2095648
0.05817968
0.07046414
0.04303489
0.0767715
0.1009366
0.04693317
0.147751
0.1109455
0.05937297
0.1065434
0.0375221
0.1108393
0.2439705
0.08221032
0.0318151
0.5147228
0.08001667
0.03076474
0.02547021
0.05109284
0.1661189
0.06056375
0.04164556
0.1359283
0.1108265
0.02811144
0.159893
0.03181227
0.0697267
0.04332913
0.04612329
0.03749244
0.1211271
0.03595601
0.05082751
0.03062387
0.08182975
0.09984598
0.4477338
0.02531797
0.04640648
0.1335005
0.05780409
0.02998557
0.353458
0.2688301
0.04452211
0.1276476
0.05079176
0.1001516
0.04193306
0.02556473
0.04610096
0.456738
0.1048796
0.03498217
0.170518
0.02458875
0.07613929
0.125608
0.1018909
0.03834011
0.08878237
0.03582689
0.06771026
0.1154256
0.03796737
0.06430779
0.06023557
0.07093512
0.05482274
0.1026431
0.03033319
0.108265
0.02842009
0.0294797
0.02575104
0.0614963
0.07217415
0.04980609
0.1094284
0.08442679
0.1344796
0.1349098
0.09978093
0.03091075
0.08900123
0.1542478
0.0347642
0.231717
