0.2530895
0.255788
0.08240242
0.1392494
0.117875
0.07834141
0.9720104
0.1811292
0.1482568
0.2171032
0.11528
0.1497621
0.1291075
0.1941119
0.06247677
0.04297327
0.1454634
0.1037021
0.8207582
0.09961383
0.2162596
0.5139186
0.121655
0.3129476
0.219716
0.06642511
0.06394234
0.1742026
0.06831121
0.05960101
0.3993396
0.1017639
0.4095296
0.2217647
0.1192198
0.3214307
0.06582497
0.07640952
0.05656853
0.1346234
0.1418956
0.1043213
0.5034429
0.07462785
0.07693131
0.07344739
0.1536807
0.05930771
0.1573703
0.1082341
0.04373955
0.1653569
0.1866631
0.08898192
0.1082047
0.2690497
0.07215568
0.06584291
0.05618207
0.1138966
0.09439083
0.1162685
0.247894
0.144424
0.08138973
0.08765506
0.2006492
0.9628527
0.07101163
0.1062855
0.09998698
0.1529059
0.1966259
0.1534959
0.07822322
0.05309283
0.1270179
0.7027823
0.1182094
0.5026815
0.231719
0.05723197
0.06440332
0.1923808
0.08875535
0.05650448
0.2434961
0.07483883
0.1591831
0.3427549
0.07304522
0.1538266
0.119234
0.247072
0.2141279
0.1805043
0.1107595
0.08102532
0.05665135
0.08202942
0.1355443
0.0572143
0.5020565
0.2201203
0.1973809
0.1034105
0.2281744
0.3188892
0.1618681
0.2959097
0.2559585
0.1164584
0.1400932
0.1022061
0.1372374
0.1218713
0.1406704
0.246854
0.2582327
0.07250714
0.09487404
0.1384082
0.1939088
0.1966105
0.1396545
0.2509382
0.04925814
0.07637782
0.06168924
0.1878053
0.05553502
0.2376157
0.2731477
0.7235597
0.324596
0.1709525
0.1934624
0.1777867
0.186982
0.2667479
0.08574641
0.2275109
0.05235052
0.3150421
0.08927798
0.2456582
0.04585392
0.1230209
0.1701839
0.116214
0.1941177
0.2203761
0.1015116
0.8224975
0.1223898
0.09893595
0.09963428
0.05285332
0.2766884
0.2007475
0.4030447
0.0517593
0.09994111
0.1481416
0.1906464
0.1708303
0.8755967
0.05358927
0.1869577
0.0415878
0.05645326
0.1051008
0.06989254
0.0809386
0.1433081
0.06958882
0.06007248
0.05739724
0.1192953
0.1950844
0.5509429
0.1912407
0.08986816
0.3383539
0.08421371
0.2604936
0.1149849
0.06940823
0.1698615
0.1165701
0.0762457
0.1002255
0.3135284
0.1979888
0.06010531
0.09925094
0.2172393
0.2506531
0.06950822
0.06172935
0.08321345
0.06523716
0.1257248
0.2111583
0.8447284
0.09720382
0.09037742
0.2040986
0.2455599
0.2194708
0.3647838
0.2565484
0.09123928
0.1476538
0.07288505
0.166831
0.06397119
0.1236838
0.06682094
0.3012533
0.05545463
0.305749
0.07489069
0.1175522
0.1944871
0.1572123
0.2172717
0.1770029
0.07479823
0.4102212
0.1235246
0.06731226
0.1349756
0.04127593
0.1905526
0.06612267
0.05556511
0.09330337
0.04759897
0.06373361
0.1242415
0.3407055
0.1310436
0.4015822
0.1102117
0.4415893
0.1961861
0.3088022
0.1096415
0.1794398
0.1532163
0.05938518
0.06211346
0.1332308
0.2190827
0.1189641
0.1975038
0.7540581
0.1958825
0.09909352
0.1405529
0.07086015
0.243721
0.06912315
0.06896484
0.06021741
0.0869049
0.3005168
0.1028681
0.1831479
0.103269
0.1213542
0.138501
0.2421135
0.3598911
0.2324312
0.2082177
0.1231214
0.04927174
0.7884194
0.2230474
0.142614
0.1479592
0.08128507
0.1261303
0.2749061
0.1689329
0.1539277
0.159591
0.1490345
0.03431419
0.05231822
0.1809124
0.406576
0.2858488
0.04643549
0.05620767
0.1610275
0.4180245
0.9581272
0.121936
0.240725
0.1077121
0.06717543
0.2061258
0.1715857
0.05499135
0.2744334
0.06733068
0.08608335
0.2447388
0.04417348
0.09013774
0.181816
0.1629562
0.08584146
0.1324562
0.1620422
0.1465222
0.1686496
0.2235416
0.08467811
0.2654399
0.05323173
0.2297762
0.2476037
0.257332
0.2402511
0.06547964
0.2126039
0.1127556
0.1702579
0.2439528
0.1447614
0.08233103
0.2966865
0.06077514
0.3355594
0.07784145
0.1025743
0.05487523
0.05149547
0.1818734
0.285777
0.05086463
0.2139642
0.07550413
0.2712639
0.3387797
0.05279724
0.08391795
0.07903877
0.2854188
0.04804554
0.1591324
0.04308385
0.3364333
0.07499191
0.1798021
0.1207964
0.06667184
0.9159706
0.1762958
0.06517568
0.07493155
0.07402273
0.2497499
0.04487824
0.19412
0.05941468
0.1915232
0.1685501
0.2038724
0.1398482
0.199818
0.2368218
0.08679178
0.09945875
0.2169673
0.2756485
0.2110748
0.2327988
0.2597576
0.06296843
0.08129482
0.440925
0.2890279
0.1037959
0.08618147
0.1938518
0.06817874
0.1227692
0.06683107
0.2847284
0.2667147
0.1530665
0.08870228
0.07028326
0.03852929
0.3345453
0.2657532
0.2067322
0.2236663
0.09718005
0.2139226
0.1811488
0.151413
0.3434376
0.1394039
0.392696
0.1090208
0.1320402
0.08064153
0.1438594
0.1891415
0.08794639
0.2768653
0.2078969
0.1112569
0.1996478
0.07031132
0.2076978
0.4571675
0.154051
0.05961718
0.9645207
0.1499404
0.05764895
0.04772772
0.09574105
0.3112842
0.1134882
0.07803813
0.2547112
0.2076739
0.05267703
0.2996177
0.05961188
0.1306584
0.08119292
0.08642878
0.07025573
0.2269758
0.06737668
0.09524386
0.05738497
0.1533378
0.1870978
0.8389923
0.04744244
0.08695944
0.2501619
0.108317
0.05618889
0.6623322
0.503751
0.08342838
0.2391942
0.09517685
0.1876705
0.07857687
0.04790484
0.08638693
0.8558649
0.1965302
0.06555184
0.3195275
0.04607598
0.1426747
0.2353724
0.1909297
0.07184415
0.1663661
0.06713472
0.1268798
0.216292
0.07114569
0.1205041
0.1128733
0.1329228
0.1027304
0.1923392
0.05684027
0.2028738
0.05325538
0.05524096
0.04825395
0.1152357
0.1352446
0.09332985
0.205054
0.1582043
0.2519965
0.2528027
0.1869759
0.05792256
0.1667762
0.2890394
0.06514338
0.4342062
