0.07261287
0.07338708
0.02364174
0.03995148
0.03381904
0.02247661
0.2788755
0.05196704
0.04253575
0.06228819
0.03307451
0.04296763
0.0370417
0.05569185
0.01792496
0.01232928
0.0417343
0.02975276
0.2354804
0.02857979
0.06204615
0.1474463
0.03490354
0.08978651
0.06303781
0.01905776
0.01834544
0.04997976
0.01959889
0.01709988
0.1145729
0.02919668
0.1174964
0.0636256
0.03420487
0.09222035
0.01888557
0.02192234
0.01622985
0.03862426
0.04071069
0.02993039
0.1444408
0.02141117
0.02207205
0.02107249
0.04409191
0.01701573
0.04515047
0.031053
0.01254913
0.04744188
0.05355475
0.02552944
0.03104457
0.07719193
0.02070189
0.01889072
0.01611897
0.03267761
0.02708129
0.03335813
0.07112224
0.04143609
0.0233512
0.02514875
0.05756744
0.2762481
0.02037366
0.03049395
0.02868685
0.0438696
0.05641313
0.04403887
0.0224427
0.01523265
0.03644218
0.2016324
0.03391496
0.1442223
0.06648156
0.01642019
0.01847769
0.0551952
0.02546443
0.01621147
0.06986048
0.0214717
0.04567057
0.09833841
0.02095711
0.04413376
0.03420893
0.07088641
0.06143455
0.05178775
0.03177755
0.02324664
0.01625361
0.02353472
0.03888845
0.01641512
0.144043
0.0631538
0.05662975
0.02966909
0.06546457
0.0914912
0.04644091
0.08489825
0.07343601
0.03341261
0.04019356
0.02932354
0.03937421
0.0349656
0.04035917
0.07082388
0.07408848
0.02080273
0.02721992
0.03971012
0.05563357
0.0564087
0.0400677
0.07199566
0.01413245
0.02191325
0.01769901
0.05388245
0.01593333
0.06817334
0.0783677
0.2075935
0.0931285
0.04904727
0.0555055
0.05100806
0.05364623
0.07653154
0.02460115
0.0652742
0.01501967
0.09038745
0.02561438
0.07048078
0.01315576
0.03529542
0.04882676
0.03334248
0.05569351
0.06322719
0.02912426
0.2359794
0.03511436
0.02838531
0.02858566
0.01516393
0.07938352
0.05759564
0.1156359
0.01485005
0.02867369
0.04250271
0.05469757
0.04901223
0.2512138
0.01537508
0.05363928
0.01193179
0.01619677
0.03015403
0.02005258
0.02322176
0.04111594
0.01996544
0.01723515
0.01646761
0.03422653
0.05597086
0.1580688
0.0548681
0.0257837
0.09707573
0.02416141
0.07473715
0.03298986
0.01991363
0.04873427
0.03344465
0.02187534
0.02875528
0.08995314
0.05680416
0.01724457
0.02847568
0.06232723
0.07191384
0.01994232
0.01771051
0.02387443
0.01871693
0.03607119
0.06058255
0.2423576
0.02788835
0.02592981
0.0585571
0.07045258
0.06296747
0.1046586
0.07360526
0.02617709
0.04236276
0.02091115
0.04786481
0.01835371
0.03548562
0.01917132
0.08643136
0.01591026
0.0877212
0.02148658
0.03372643
0.05579948
0.04510514
0.06233653
0.05078317
0.02146006
0.1176949
0.03543995
0.01931228
0.03872528
0.01184231
0.05467066
0.01897098
0.01594196
0.02676929
0.01365643
0.01828555
0.03564563
0.09775042
0.03759718
0.1152163
0.03162038
0.1266946
0.05628696
0.08859717
0.0314568
0.05148235
0.04395868
0.01703796
0.01782072
0.03822471
0.06285613
0.0341315
0.05666501
0.2163437
0.05619985
0.02843051
0.04032547
0.0203302
0.06992499
0.01983184
0.01978642
0.01727673
0.02493353
0.08622003
0.02951347
0.05254623
0.02962848
0.03481723
0.03973675
0.06946379
0.1032549
0.06668589
0.05973888
0.03532427
0.01413635
0.2262022
0.06399362
0.04091679
0.04245038
0.02332117
0.03618753
0.07887217
0.04846786
0.04416277
0.04578761
0.04275889
0.009844945
0.01501041
0.05190485
0.1166491
0.08201169
0.01332262
0.01612631
0.04619973
0.1199337
0.2748924
0.03498417
0.06906542
0.03090325
0.01927303
0.05913872
0.04922894
0.01577734
0.07873656
0.01931757
0.02469782
0.07021701
0.01267363
0.02586105
0.05216409
0.0467531
0.02462842
0.03800246
0.04649087
0.04203808
0.04838655
0.06413541
0.02429465
0.07615627
0.0152725
0.06592415
0.07103895
0.07383007
0.06892946
0.01878649
0.06099731
0.03235026
0.04884799
0.06999149
0.04153292
0.02362126
0.08512111
0.01743675
0.09627398
0.02233317
0.02942917
0.01574403
0.01477435
0.05218054
0.08199111
0.01459336
0.06138759
0.02166258
0.07782722
0.09719789
0.01514784
0.02407655
0.02267669
0.08188834
0.01378455
0.04565601
0.01236101
0.09652469
0.02151562
0.0515863
0.0346572
0.01912854
0.2627974
0.05058032
0.01869929
0.0214983
0.02123756
0.07165472
0.01287583
0.05569419
0.01704642
0.05494915
0.04835801
0.05849219
0.04012328
0.05732897
0.06794556
0.02490108
0.0285353
0.06224919
0.07908518
0.06055862
0.06679135
0.07452598
0.01806602
0.02332396
0.126504
0.08292381
0.02977964
0.02472597
0.05561722
0.01956088
0.03522321
0.01917423
0.08169025
0.07652203
0.0439157
0.02544921
0.02016468
0.01105428
0.09598301
0.07624617
0.05931268
0.06417117
0.02788153
0.06137566
0.05197265
0.04344128
0.09853429
0.03999581
0.1126668
0.03127872
0.03788312
0.02313653
0.0412741
0.05426582
0.02523234
0.0794343
0.05964683
0.03192026
0.05728013
0.02017273
0.05958973
0.1311641
0.04419814
0.01710452
0.2767267
0.04301878
0.01653982
0.01369336
0.02746867
0.08930927
0.03256045
0.0223896
0.07307816
0.05958286
0.01511335
0.08596209
0.017103
0.03748666
0.02329473
0.02479693
0.02015678
0.0651207
0.01933077
0.02732603
0.01646409
0.04399353
0.05367946
0.2407118
0.01361152
0.02494918
0.07177293
0.03107679
0.01612092
0.190027
0.1445291
0.02393609
0.06862624
0.0273068
0.05384377
0.02254417
0.01374418
0.02478492
0.2455527
0.05638568
0.01880721
0.09167431
0.01321947
0.04093421
0.06752973
0.05477885
0.02061251
0.04773142
0.01926135
0.03640257
0.06205545
0.02041212
0.03457333
0.03238401
0.03813633
0.02947395
0.05518326
0.01630781
0.05820569
0.01527928
0.01584896
0.01384434
0.0330618
0.03880246
0.02677688
0.05883121
0.04538976
0.07229928
0.07253058
0.05364449
0.01661832
0.04784908
0.08292711
0.01869002
0.1245763
