30
152
367
189
465
256
166
86
629
203
223
506
487
360
446
594
523
677
43
498
180
30
449
159
3
294
330
83
110
431
394
353
514
8
539
374
321
512
431
113
298
153
86
454
107
117
514
578
292
93
50
181
347
556
490
264
346
103
169
598
122
515
536
378
242
514
330
170
285
464
438
155
320
606
335
303
245
474
489
11
502
547
454
206
291
205
455
255
237
409
562
181
482
618
459
437
395
360
154
575
14
422
294
432
577
453
278
275
440
335
392
325
359
109
573
255
128
393
511
540
585
441
152
617
306
378
370
260
202
129
444
266
90
318
590
624
431
617
565
260
201
579
100
638
414
69
507
418
206
560
47
322
376
163
68
627
75
418
509
27
276
405
97
159
352
181
112
11
550
557
206
483
434
36
401
1
552
339
92
191
552
159
378
623
368
457
280
420
559
88
401
585
636
11
69
49
50
446
202
629
182
455
153
526
500
496
520
33
612
575
218
23
330
451
95
614
612
129
361
8
407
533
518
599
25
366
545
318
372
289
193
476
475
518
201
97
46
498
280
261
822
197
491
472
627
308
195
306
411
178
396
248
552
527
483
138
308
236
128
298
452
398
632
99
473
353
365
630
11
251
260
443
201
23
75
210
118
185
572
384
195
404
585
324
183
526
82
503
358
190
157
611
204
283
67
505
257
317
384
410
391
445
8
36
325
234
341
169
618
298
25
252
543
826
84
370
198
484
521
517
19
191
265
579
353
28
98
121
342
54
557
212
449
54
314
216
610
313
513
176
115
535
199
97
193
108
95
30
630
128
520
355
351
32
596
324
14
118
563
27
70
505
618
26
510
22
408
223
141
355
576
594
255
172
157
161
405
322
619
5
280
512
536
365
104
198
198
39
210
184
293
490
625
105
231
632
536
236
35
215
86
534
580
51
80
623
503
440
671
244
558
423
296
579
298
356
446
328
2
543
233
551
299
638
448
543
210
573
555
145
339
358
619
29
191
136
210
114
290
237
126
608
34
636
299
182
545
16
281
501
374
558
165
349
639
588
401
515
282
575
566
513
396
556
106
558
106
225
514
546
324
313
13
264
554
636
348
157
210
474
620
38
53
20
195
517
196
46
4
284
42
265
567
130
529
348
59
58
300
271
