5016.096
399.0425
111.1025
93.02975
151.792
134.3661
504.3039
2078.647
144.1458
5472.301
146.4218
190.9286
5240.461
127.2304
169.9372
13657.58
47.69573
2.639442
1616.648
1769.477
135.3643
258.963
269.3998
172.6367
526.2146
470.0122
6500.991
79.43781
468.4256
256.8611
148.818
163.4172
12132.1
130.6296
218.8207
43.80849
207.2178
4703.019
107.9389
302.3806
225.5924
326.4932
8574.436
183.441
122.1191
424.5358
251.6028
243.2775
130.117
2616.849
701.6993
59.47145
1053.193
191.0661
227.357
200.3532
10.79919
775.2443
2138.699
1273.817
361.2501
118.0208
565.6113
350.8958
217.774
7793.815
841.0364
97.20775
384.9803
192.3664
126.8011
201.5363
194.3004
753.6772
456.4957
247.5002
9497.618
52.20787
37.26928
6283.834
8418.242
30.3377
226.349
449.4413
109.5746
139.5096
441.5693
135.854
222.5016
4.420086
1547.399
130.8415
75.71099
617.0422
9973.514
100.349
13513.25
118.7249
2563.5
292.6038
1183.305
268.6037
171.0022
1199.566
86.19751
229.9513
1603.498
538.4243
2119.752
45.53788
245.4808
444.8677
1282.703
447.6493
8210.839
178.1142
58.19487
165.686
190.262
6239.656
571.48
525.1483
1563.522
131.526
350.5473
130.5639
140.771
6086.361
1398.651
34.729
194.1161
587.1188
13430.45
5509.964
190.0159
723.8072
497.7966
1210.615
193.9735
1530.436
543.3696
8931.502
1596.345
2838.008
569.5389
128.5309
105.4771
551.5028
166.7813
2.89E-05
881.2549
909.2101
7905.061
1103.469
13611.74
365.2392
1317.422
7053.903
983.8762
3042.52
589.8247
86.84184
184.4745
291.1634
6.750922
81.2815
6809.73
148.2903
129.964
658.29
221.6825
830.9866
476.0481
6260.341
123.8386
231.2153
8595.496
216.0159
537.2971
201.5208
399.1293
225.9269
327.244
1604.113
6276.592
110.5866
737.7078
127.6669
5505.234
167.4337
1.784312
182.3286
16088.75
1206.609
143.8781
127.8362
177.4023
126.6109
11056.09
516.5203
2256.274
601.025
768.0671
1889.737
2148.496
325.4837
270.9555
178.0863
3920.859
566.8006
3732.459
732.2674
241.4114
130.0498
6940.165
598.3313
277.4236
212.0281
163.5448
1041.632
618.6558
8607.104
1006.329
354.9731
347.5175
194.779
223.6621
761.8468
965.47
580.3774
155.4506
860.5166
58.4396
237.9336
6.265432
8620.706
308.6803
1033.861
459.8174
23.62966
1852.829
125.9236
2752.43
113.4465
146.163
3297.835
2049.363
68.77982
915.8741
1213.154
154.4179
1306.177
251.6124
140.8251
104.1357
293.7122
450.8753
2606.018
314.6382
4464.552
690.1162
556.5867
712.2878
201.54
113.7798
1575.364
207.9165
193.3866
6236.654
5529.704
234.0012
1221.748
298.7899
211.6359
466.5605
2812.526
17122.14
644.7192
135.3099
2894.685
4642.038
7231.747
12733.3
2191.881
257.2325
7065.928
1390.865
6490.648
217.6416
161.3145
114.5562
1713.328
6577.932
140.2045
70.33943
1252.389
301.2051
1644.574
164.6118
1203.84
1468.504
3260.903
1145.38
119.3283
989.968
508.8322
164.471
117.113
636.977
626.6038
1480.432
155.4335
6604.158
547.6027
8150.387
1929.58
513.7281
3994.052
2158.424
62.86657
772.7435
172.3463
6853.168
312.2326
237.3044
104.4579
434.861
139.1219
303.579
137.4185
320.7453
2128.818
374.1848
184.551
243.6179
411.5112
330.5543
575.2802
147.9405
1425.723
937.5742
714.8363
100.5239
1146.146
2615.262
130.4624
2352.648
206.6791
685.7952
6909.434
86.41788
264.0359
106.226
167.6637
524.9525
259.4451
417.9637
815.1948
288.2207
298.8923
146.7621
3341.998
199.2811
328.0697
1387.764
637.9633
178.7923
16043.57
995.2591
2.043896
11658.2
961.3705
1076.715
89.86681
171.9941
503.8245
36.5388
187.9749
60.36159
322.0056
97.4125
799.4761
281.6061
324.2471
120.378
2292.576
168.4083
287.3617
135.8469
63.24183
4026.472
236.2612
1476.836
2.809606
87.84872
1561.302
314.0428
132.0635
138.5505
65.3503
83.60088
192.9346
294.6059
556.2794
434.8736
8429.831
91.56155
8772.534
1029.502
6339.608
4050.243
128.7831
1269.524
3764.749
104.7659
2358.253
324.3327
211.7405
933.8531
1545.518
264.7576
2109.214
480.6349
1135.862
250.4871
827.2805
173.7724
236.6563
104.2341
199.8418
30.45761
1788.921
596.6334
1541.323
393.4223
214.7928
9408.401
133.6459
220.7132
281.6192
1114.377
2861.978
844.5995
204.5434
1661.233
177.7205
156.3519
2450.054
4943.432
9567.809
7199.19
0.08178479
92.3798
187.0682
604.1161
183.1209
7.580943
177.3571
385.1385
143.8274
2105.999
9727.291
90.46741
5098.212
5885.417
207.6297
19444.58
442.3852
68.08675
246.6046
2634.462
989.7728
382.8378
1160.596
1253.743
437.6575
2608.359
8500.988
163.9314
20.67651
105.2158
3.013799
140.6253
44.96978
12026.61
276.192
374.9438
920.8514
344.6094
127.5016
475.1579
1786.443
514.3995
3343.891
228.9228
381.7491
119.786
9014.659
686.0902
129.4542
