2720.087
272.7722
91.50258
88.40154
119.6233
135.538
279.0081
1059.881
108.3943
3089.493
133.9473
136.5531
2908.576
107.9726
142.2055
8617.11
60.12518
3.715934
751.4645
1233.74
111.2865
157.8281
214.8371
110.0554
310.4299
298.8324
3154.768
70.84202
461.2348
141.3372
120.094
120.1432
5958.933
217.3839
167.4239
42.26322
147.0812
2758.427
91.20937
243.9373
169.4506
340.6811
3591.067
158.0585
115.7644
367.211
192.9998
235.9549
100.0451
2531.247
536.2675
36.62529
724.9859
129.6839
158.9827
148.4063
15.92646
568.1472
1598.986
772.9598
246.5551
83.45707
405.5986
280.0819
184.2346
4038.78
604.4843
75.98479
270.0783
323.073
81.3672
155.2455
157.4558
713.2288
397.3836
236.9895
5345.857
33.42777
82.45634
3413.473
4188.456
30.82662
166.1379
278.3398
140.1283
126.2921
298.2711
104.9075
67.89808
5.017927
878.8601
92.25041
77.94432
551.6184
5943.82
78.43244
6681.916
88.32113
1539.694
282.4149
684.7863
186.508
126.9058
663.7783
89.0061
173.2802
818.9528
361.5251
1486.003
28.94344
166.1039
320.999
803.5554
344.635
4715.004
124.6468
190.3794
127.6376
141.7627
3330.127
428.1649
372.5924
776.7137
117.413
311.6276
82.80219
106.9676
2778.631
1121.941
32.86208
160.9184
349.7339
7285.674
2535.547
183.9269
580.9172
320.6972
952.3019
202.1424
1056.216
315.0882
4253.138
1020.741
1651.134
376.4905
111.6728
74.19495
394.6306
150.5636
2.39089
600.2728
648.8613
4214.067
623.6216
6359.623
230.4195
690.6473
3989.409
682.5063
1915.707
413.7279
85.32357
137.4465
192.1856
6.261842
74.74869
2970.833
108.5661
98.41942
460.6162
167.1578
692.2017
444.7732
2733.6
87.59245
155.6192
4717.178
200.1886
339.238
194.5992
319.3112
143.2549
244.2262
1272.037
2918.675
83.09135
427.6814
104.0304
3208.56
109.2163
13.33045
161.1929
7698.998
848.0032
133.8024
106.5202
125.1094
90.21953
5812.453
388.4584
1604.212
389.5802
566.3115
1232.302
1043.88
236.0436
207.6893
153.0791
2185.838
494.329
2089.135
578.7423
166.5988
123.0091
3587.018
455.825
170.6015
178.476
151.2475
686.1795
419.3145
4381.593
735.9313
296.3919
230.7193
113.0331
154.2834
616.1987
742.9905
436.2049
113.6474
586.1725
27.73353
203.5188
5.087019
4361.329
234.682
750.978
344.1277
26.2072
755.5803
104.0881
2212.074
73.24091
104.7956
1668.638
1063.375
75.79757
617.3606
748.6053
110.7475
1004.207
195.2197
109.7009
91.75193
253.5172
301.3587
1394.454
204.37
3187.7
546.5058
309.5862
437.0394
175.9333
89.97816
1088.758
118.0262
143
3426.161
3059.813
168.5595
699.1738
202.0643
147.4548
314.4517
1608.209
6903.32
412.1339
90.29671
2585.119
2351.587
5008.101
6296.843
1290.488
183.1623
4365.289
1015.056
3462.279
130.3913
127.0788
124.8447
1441.054
3166.421
76.33223
42.56643
867.4812
221.4
1263.123
118.4148
565.0989
918.7874
2558.108
785.3446
90.11031
539.215
315.8858
117.235
77.92451
522.6315
559.7017
1300.56
123.2986
4301.521
490.4991
4425.031
1460.102
309.5996
2704.487
1473.368
102.5444
522.8435
108.7687
4346.338
275.5269
205.8622
98.57278
308.5067
116.0326
205.2592
105.5474
241.4298
1278.782
213.4505
169.5136
163.4669
349.0471
372.8018
369.8833
175.1454
1088.887
746.3877
499.918
88.54745
683.1553
1552.895
118.0718
1329.98
172.4338
654.1769
3330.543
91.40683
181.5864
90.89636
115.005
377.4799
223.4914
409.4593
662.7858
224.9899
210.3539
127.3051
1452.565
140.8197
252.1165
893.8268
405.6755
155.4816
8636.64
545.1194
6.453204
6079.902
545.8445
911.403
63.90265
120.2183
361.5241
110.4935
143.9532
92.35481
233.9756
83.90512
464.4634
4.39E-06
237.6777
253.2309
1516.313
138.9237
220.0744
101.1911
72.29652
2082.701
196.4216
994.9843
9.299195
73.94334
997.0746
190.5111
122.0704
97.39245
44.92635
80.4473
148.6829
194.2102
574.891
127.219
4928.601
86.93082
4851.009
913.0237
4179.444
1697.293
89.24109
936.9293
2097.002
74.63742
1134.548
245.1591
158.9356
787.2109
797.1042
215.8891
1229.594
267.1362
852.3723
181.0121
406.0087
99.63201
201.048
81.10353
213.3976
16.56511
1074.576
446.877
1089.725
208.2589
205.6071
5366.753
102.0983
165.7524
239.555
555.0485
1567.097
506.6148
176.1238
798.5684
172.635
130.7344
1210.873
2590.892
5491.13
3935.55
108.8175
82.10296
174.8179
359.6058
148.1467
217.807
122.8838
363.1649
106.8117
1143.507
5243.277
93.08596
2115.172
3580.755
157.7376
8589.441
357.3602
1.988886
141.7628
1365.019
474.7753
303.0937
795.42
782.5343
324.7559
1869.131
4137.363
93.7611
21.03199
116.7791
5.129821
179.7515
88.45705
6589.224
226.5342
263.4172
723.1004
249.132
146.8546
287.7123
1168.385
289.8896
1601.354
169.1462
374.36
399.6892
4962.938
500.9906
93.81249
