1301.32
242.13
54.6611
69.0944
81.20673
134.6393
151.8194
548.7951
82.62419
1857.644
116.3861
96.08781
1747.623
91.33015
105.106
4300.42
45.16092
2.740148
332.2164
838.1096
82.23804
85.32447
159.165
65.52329
174.9664
182.7367
1573.526
46.77771
395.4297
77.75311
71.92804
90.5741
2757.876
111.1497
114.9996
29.95428
79.2244
1665.556
57.24615
165.9987
120.0913
263.1608
1663.369
119.1541
105.0886
300.548
142.2955
198.2228
70.32831
1829.631
387.1176
28.23798
408.115
74.95871
128.2171
101.6306
12.43244
387.4054
970.4344
482.9466
166.3621
51.29315
275.3085
217.9868
139.1869
1886.945
415.7987
47.40498
180.2579
248.7713
42.29951
108.8109
109.8662
497.9767
283.227
179.0758
2919.387
19.87922
68.34273
1844.45
2147.118
21.63255
113.6009
169.0266
143.2849
96.9021
178.8464
72.23466
51.08667
3.124394
415.3914
69.75347
67.14227
427.8376
2966.79
54.56533
3101.005
66.43789
786.2798
224.4553
369.8448
135.1011
79.02524
331.7826
71.04316
123.0651
405.8214
228.3839
990.1122
19.18353
105.6854
200.3812
491.6494
254.2478
2049.56
83.5168
116.4341
93.28148
96.97314
1967.591
271.508
265.9427
404.6466
76.16299
210.279
58.99903
71.83521
1409.143
130.236
24.67246
140.6321
166.2595
3379.283
1174.456
130.5606
456.9506
189.3909
478.7045
131.1143
776.9312
159.9416
2093.992
679.501
995.584
229.0167
83.37987
54.16244
267.356
116.091
1.551293
391.2465
452.2975
2378.792
312.476
3217.216
139.8974
361.2179
1790.699
411.9474
1341.072
268.1551
65.34406
96.13547
110.0625
5.083627
59.41058
1183.58
73.38542
66.6842
296.4507
115.2975
440.9732
304.0265
1446.695
55.49098
82.36277
2447.16
170.5975
197.2079
150.1457
181.744
97.99157
142.573
814.7636
1451.438
63.45035
219.7699
87.97312
1737.112
62.72695
12.76588
124.0376
3473.195
602.7921
98.59949
80.3653
85.33752
68.2724
2844.106
276.2272
1098.155
253.9721
421.213
796.9109
443.302
165.8687
130.4666
101.7724
1063.883
326.778
1225.789
362.7961
105.8167
101.4663
1974.189
275.8058
108.6939
137.5885
101.317
399.4574
279.2377
2296.73
528.8913
214.9134
135.1472
85.31923
102.2916
445.3177
532.3183
292.5651
87.87187
389.5745
24.1937
174.3918
3.739684
2253.744
157.2007
525.5671
236.2819
22.05401
429.0649
82.21178
1637.224
32.24228
68.94333
888.2025
401.3273
53.94904
382.5983
475.2298
77.24159
697.7849
158.3094
84.39307
58.98092
177.9548
226.343
678.0313
136.2457
1563.72
366.8804
162.3123
195.0449
150.2927
64.62402
618.9469
57.94387
96.10193
1670.741
1784.511
117.2845
394.1243
142.0459
95.03634
203.1876
779.0792
2928.034
263.7628
65.51143
847.749
1165.398
3122.502
3094.569
808.5373
88.78487
2122.345
754.6633
1600.948
83.66034
84.09953
88.22221
643.6404
1764.92
38.16144
30.96074
516.9544
138.805
921.9414
89.16924
238.1556
417.7086
1317.499
418.3671
57.17247
282.1401
159.1804
96.9127
53.57582
344.6161
370.8756
902.5328
103.9084
1993.835
388.6526
2139.396
983.7017
161.8764
1801.951
955.007
55.09362
311.8707
90.36211
2267.531
206.9368
123.765
88.71073
222.9982
79.74081
128.4709
89.1881
165.852
678.6393
108.3061
122.971
99.71782
240.4552
285.4068
184.5157
146.7452
811.3654
549.1335
314.5302
67.63963
402.4335
977.8143
81.61795
679.9132
114.8245
408.5873
1665.89
65.45123
127.4453
69.05923
82.24525
262.5341
158.5253
221.8256
481.0309
156.8176
150.4934
85.43531
629.9702
92.14618
202.7586
709.5369
257.1832
101.512
4250.984
281.3669
5.282938
2873.766
324.8077
668.8735
48.41129
74.13829
232.2684
103.5988
107.1277
51.75524
158.7123
55.64706
242.0967
55.00832
170.9953
174.7581
951.4832
85.65177
163.3622
65.32427
47.85748
1010.281
150.1801
696.0621
2.629771
49.95998
458.1143
151.007
96.34126
67.52525
52.94477
61.24172
108.0737
121.5159
420.9857
87.32502
2290.477
66.23447
2342.147
664.2879
2936.62
956.1465
56.32967
630.5856
1252.384
53.57006
575.9364
136.3434
99.79392
564.5915
430.5952
155.7878
643.0687
121.2111
595.7557
123.7144
177.8189
69.27273
144.5087
64.80279
160.0467
12.58348
657.3538
285.3343
660.2997
103.8762
214.0146
3265.913
84.60623
106.7503
182.2493
334.1624
863.7934
303.8674
136.1323
368.476
130.0114
89.0828
594.8512
1873.615
2807.311
1859.99
10.94564
60.20877
120.5239
196.9634
112.551
162.2184
74.3112
266.2173
77.37339
634.7821
2660.007
66.42331
845.9903
1699.076
120.4243
3736.834
258.5903
1.265215
83.07657
781.1855
240.1452
221.5027
528.4347
460.8171
223.1004
1225.734
2059.158
49.28802
13.31132
96.20057
4.011232
163.8558
68.92046
3197.342
155.5377
174.8983
503.5849
157.424
120.9879
167.074
785.3385
161.6577
810.14
112.0083
291.8834
295.1027
2114.166
335.3491
59.13332
