3912.874
330.1696
103.7357
94.6333
134.6526
132.086
377.0817
694.8328
116.8717
5300.6
139.1824
167.0767
3862.942
106.7124
157.6679
12185.45
65.65792
3.701584
1159.017
1533.93
135.7946
212.9774
247.8964
140.6313
432.0009
378.895
4637.833
73.85988
534.0061
194.6633
153.4065
131.3285
9015.052
249.0033
195.3603
52.2916
180.4181
3964.166
108.5722
278.9389
198.8755
375.3043
5358.621
172.2259
117.5884
351.9102
235.3771
238.0418
117.1685
2961.405
624.2486
56.67456
932.2076
168.4335
183.8541
196.1978
18.72147
665.6342
2072.26
1042.288
304.5529
98.56312
489.2049
317.2886
200.3326
5670.472
705.2648
86.82275
336.6301
355.2894
84.50334
188.1087
178.1064
876.8218
481.8517
300.1486
7139.146
41.26369
90.25874
4875.815
5894.079
32.36015
192.5855
347.711
138.1094
146.7355
400.4766
125.4156
75.24368
4.152427
1278.758
105.8543
72.87955
714.0405
8227.633
87.27149
9905.455
97.65383
1946.527
304.2535
945.9263
215.256
155.7408
1004.066
90.13384
210.7141
1221.157
456.3261
1820.542
32.47273
212.1987
351.0829
1057.871
390.7459
6737.094
157.6352
177.0609
155.8102
164.2257
4784.086
554.3186
425.7578
1112.669
140.5061
344.7644
104.0067
134.0938
4093.915
1421.25
35.93348
157.4263
528.7985
10815.19
4378.207
196.4412
688.965
418.4489
1160.699
242.0098
1267.556
444.1764
6317.55
1330.555
2242.879
484.1107
128.4076
89.56583
503.218
168.7219
7.15E-06
735.248
777.4688
6395.88
1143.432
8638.448
301.9946
958.1526
5526.746
866.371
2397.243
514.3948
97.75828
163.7787
247.85
6.220507
76.46931
4496.5
120.2381
118.6596
602.354
205.5942
828.0885
510.5752
4132.664
113.6915
196.4878
6800.123
207.3829
429.8203
212.9448
375.2071
185.8629
302.9657
1700.686
4293.719
86.18584
604.2614
116.455
4579.314
141.2548
17.13446
157.2115
12406.65
1033.072
154.2949
107.7465
154.2239
103.5753
8349.004
462.7116
2035.831
493.1621
598.1665
1504.946
1626.719
275.843
256.955
179.7754
3186.356
560.8395
2784.345
694.4689
208.6213
139.9222
5119.47
545.3657
217.4529
196.1227
186.0486
892.1084
507.3806
6065.976
876.6941
339.272
307.7917
26.67114
187.6627
741.8782
886.066
528.8419
114.2122
739.1997
34.53173
216.5788
6.011981
6403.266
275.655
903.9269
423.8052
27.22236
1130.592
120.5653
2594.281
89.0649
132.7706
2399.58
1423.445
81.35598
790.5856
1002.735
132.1611
1135.814
227.307
132.8055
100.6929
300.7667
375.5301
2097.17
248.7279
5051.506
721.9585
435.1506
636.2251
200.9238
96.70802
1434.396
163.8101
182.6457
4977.974
4392.14
203.9431
940.907
239.2601
178.2214
390.876
2366.525
10359.05
517.4986
106.4193
3601.586
3395.206
6422.015
9499.997
1690.026
256.8409
6431.235
1296.989
5061.132
164.8144
140.386
113.238
1630.974
4484.119
100.8299
55.2196
1139.244
279.6608
1529.679
143.6186
856.8098
1438.692
3579.685
966.3468
118.8004
739.6058
405.8419
93.07222
97.74278
612.8209
635.6433
1556.76
128.0011
5939.343
524.3463
6412.399
1800.152
412.9942
3357.197
1883.844
107.8626
698.155
97.40039
6261.538
292.6439
242.3973
132.4231
341.5485
134.4445
263.1487
123.0074
281.8149
1766.983
283.4219
186.1121
196.6639
418.1247
424.4102
562.1375
149.6828
1314.188
900.0034
627.026
88.76477
861.9797
2118.793
134.2752
1834.36
198.8052
727.0958
4824.375
90.3921
204.3752
97.012
146.7445
450.455
237.8776
402.5302
737.3599
261.773
249.4157
139.7736
2367.748
168.1666
294.5232
955.094
555.3599
191.1547
12283.93
763.6004
3.362051
8981.025
716.5849
1019.457
80.37952
158.306
453.2548
106.7633
170.5845
65.79071
283.7964
90.37456
661.7968
6.44E-06
272.4418
299.0997
1967.898
170.3028
259.8564
118.7843
72.83399
2999.206
221.3477
1297.808
11.95974
90.39935
1295.425
207.4009
125.5541
124.6022
49.15155
82.85643
163.8708
244.0223
729.53
154.6451
7362.924
90.30083
7172.611
1054.667
4838.14
2758.05
114.9391
1159.89
2952.334
86.84669
1677.22
306.0627
202.1678
907.6695
1137.365
253.4181
1701.704
382.4744
1006.691
223.3882
626.9392
126.6279
215.3724
91.88121
239.8864
17.2438
1404.586
511.1746
1454.156
295.6271
214.4166
7514.701
114.676
205.8539
277.8685
687.4476
2154.317
651.374
182.0289
1215.797
200.5623
148.3
1766.666
3924.267
8019.192
5756.153
203.0302
92.16051
216.6831
489.5785
163.3554
249.5751
155.0385
415.4751
124.8477
1634.024
7896.382
104.4571
3414.592
5139.779
186.7215
14300.72
426.4422
2.614623
188.1828
1858.388
677.7805
356.2808
1026.363
1018.799
382.7496
2289.74
6205.849
110.531
24.57406
132.276
6.599173
238.5983
87.23965
9893.85
274.9539
358.6778
846.8638
289.3719
152.5137
378.0898
1961.792
400.028
2388.948
202.6238
414.3717
409.8833
7460.571
650.1494
118.9202
