258.9564
139.9282
31.53967
31.30537
33.95539
27.73521
52.77537
150.6142
30.49133
569.0219
61.03562
31.71343
500.9817
42.82959
48.1571
897.4804
44.34394
2.520678
57.89468
307.3624
35.07787
29.76277
67.85449
28.99769
43.27083
66.12034
379.3043
18.93637
187.8992
18.37963
16.8573
53.25575
567.5468
20.42415
59.28724
22.29108
31.29335
470.6974
23.81411
37.29249
49.92624
105.4721
368.2227
49.84179
58.68237
83.05414
44.13683
130.9384
30.7578
710.3923
166.3491
13.97962
151.4331
27.61284
64.77409
43.06322
27.03734
146.4152
245.0981
158.4929
62.08123
16.58305
81.37829
89.93451
76.662
378.8206
175.3025
23.59818
62.43319
53.19382
9.828537
41.39849
49.01263
111.6847
117.203
48.35371
906.0149
7.208964
33.83296
557.1361
619.2562
5.713576
44.89793
55.81086
97.75305
40.696
40.66795
28.70312
38.07241
1.960018
81.35792
30.70019
38.46513
90.12968
927.8153
23.87396
585.1111
32.29786
248.5644
88.81386
100.1483
55.01673
35.64776
100.3497
24.4677
31.84982
116.7147
81.50261
480.11
4.685516
37.33427
51.185
171.7083
109.9409
461.6588
36.59099
29.64071
34.38456
36.00488
720.6544
94.1774
123.9185
125.0842
24.75627
60.46608
21.75604
25.50041
363.7273
262.3902
11.02775
67.76835
57.32338
617.9316
137.8808
51.26254
191.1623
58.87866
83.43614
26.66075
368.888
31.95085
441.2247
148.8519
343.4192
86.0526
40.44691
17.07348
100.5253
48.03653
1.367392
141.9603
196.6813
458.4021
1.907066
870.0466
45.85003
91.69727
229.0195
112.2694
371.6869
101.6357
44.81102
40.50253
33.9129
2.699305
27.58607
181.6087
25.73621
23.54149
71.7526
37.24681
118.7007
122.6441
341.6025
24.98221
74.41548
714.5438
72.97991
73.981
76.78946
95.64051
28.16656
36.21561
220.8348
282.547
40.41649
48.97675
40.93726
531.6675
21.42585
1.805679
66.55158
659.5314
269.213
45.87451
32.97844
33.42309
33.49068
615.2635
97.13191
487.6344
92.64948
172.355
354.0681
73.9857
60.7443
43.64385
41.31794
220.5556
179.0151
540.4312
122.7826
36.40978
46.04891
691.7199
80.49458
29.72693
64.31613
24.70302
134.5867
114.8225
593.5271
227.9254
103.3131
42.42274
15.28069
40.85612
177.6837
234.4172
125.4055
47.95416
134.573
9.940068
80.90486
1.676856
590.7587
66.19682
165.7987
98.84134
12.95353
132.5753
42.00492
745.0465
11.85234
33.17194
268.0682
72.89966
19.11618
128.9207
160.2957
28.1486
178.6255
70.68671
30.11986
23.01448
94.72032
64.21887
109.6282
55.90749
253.7041
92.91349
48.39508
40.52327
77.91478
30.43971
189.4399
10.57033
38.09081
345.1438
588.4098
46.13705
139.2009
50.9797
32.54168
83.95953
219.2236
490.4819
98.77637
23.84351
105.663
251.6893
1058.583
843.0151
351.0699
27.89013
310.307
259.4562
289.6384
47.80865
33.0913
64.83904
133.2133
458.3896
28.00345
15.93157
172.7563
53.97309
410.6648
41.98703
45.41467
87.10317
145.5736
128.6168
13.31883
61.82305
37.61163
57.35762
22.70163
113.3815
113.3792
237.5428
61.51692
324.2054
93.80229
441.4836
378.0028
37.51385
390.6359
330.7993
3.431123
98.82265
22.03478
519.8608
111.9834
65.83389
41.45594
94.48082
31.91084
41.20386
31.35708
56.30908
137.3592
23.71776
56.19224
36.77886
70.99531
60.80962
59.47909
4.610761
219.257
198.1244
110.0029
32.13785
156.9001
340.4203
33.16406
185.9146
45.9696
113.0194
490.9672
26.38144
36.06171
30.3714
37.62413
106.4857
50.29171
69.48158
177.3036
77.38631
62.60736
32.66036
100.1515
36.36169
83.68401
313.866
76.20883
42.949
1165.382
92.89381
3.891797
581.5099
109.0436
161.3093
26.98362
22.5297
79.84846
43.48695
45.61663
15.48592
72.2989
19.17216
74.99589
200.8287
63.89285
62.83791
318.2681
26.40288
74.2924
22.53257
31.54246
256.0194
66.69697
206.1239
0.06809089
16.89082
135.757
45.88219
57.85874
19.74592
16.87029
22.05147
49.24257
45.90922
84.69469
16.39124
377.0286
39.82627
411.9949
131.7477
1582.498
229.7996
20.70702
243.5715
385.6814
23.41394
134.8539
45.73594
31.39395
135.8506
128.9083
66.07131
161.973
32.77774
190.6684
45.23174
34.07029
25.73061
50.00063
29.83154
72.39661
13.64554
225.7877
106.6119
179.5104
19.5009
82.37857
1277.154
36.58601
40.18279
63.0852
102.5794
211.0578
70.08183
73.11133
76.23407
67.41256
33.51146
138.583
237.7252
573.578
381.5412
0.03261377
22.85549
59.19593
63.20543
52.73837
0.9229884
31.45899
112.9217
31.93508
156.6293
556.2056
45.8614
128.6021
304.9586
58.92555
699.1314
92.61445
0.285476
27.02787
203.6889
70.36671
83.90251
200.9493
160.4533
86.2799
369.8883
450.5613
9.940944
3.011108
31.26164
0.7435629
65.58222
28.61412
618.7783
28.16511
65.99848
187.9984
67.32932
35.82502
59.53209
362.4512
36.46462
174.0078
44.15716
43.77795
64.05107
330.1519
154.2214
41.32919
