53327
52943
53503
53357
53917
56067
52901
54081
52209
53317
54184
53319
53171
51942
52670
53433
52614
55444
52976
53883
53815
51817
52723
52251
52618
53464
52790
52201
53848
54169
54478
54081
53874
51893
52288
52582
52790
53442
52316
51900
51999
53786
53520
52051
52995
53433
54175
52709
52822
53818
52725
53741
54584
53819
53171
51900
53729
51930
52790
52814
52409
53472
52943
52427
53800
53848
52177
52901
53845
53876
52673
53531
53468
52723
52791
53799
52381
53172
53531
54478
55614
54115
52709
54230
52751
54525
54568
53800
53080
52669
52791
54586
52288
55366
52146
54095
52673
52438
52786
53848
53674
52339
51821
53321
52146
53171
53321
52707
53705
52884
52232
53711
52202
52674
54176
54180
54175
52232
52316
52709
53503
54176
53321
52618
53080
52721
53433
54205
54525
52201
53823
53321
52251
52976
54328
52316
53359
51943
54540
52581
54139
53359
52999
51877
52723
53330
52376
51913
52317
53080
52618
54265
52516
52991
54231
51993
53386
54169
51876
53504
54478
52721
53818
51981
52670
52639
52976
51930
53319
53433
52999
51914
52753
53433
52203
52409
53433
52376
54178
52663
54464
53349
53144
53558
53851
54266
54139
53433
52146
53149
52723
52646
51877
52962
53854
53386
54241
54266
52797
52672
52790
52723
54175
52618
52976
53144
52409
53504
53327
52884
52251
53875
51942
53858
52790
53350
53848
53178
52736
54241
52673
53880
53430
52288
53321
54153
52023
52316
53467
51900
54081
53430
52886
54115
51820
52790
53848
53144
52797
52051
55201
51959
53799
51900
53140
51877
53321
52705
54139
53349
51871
52703
52637
54152
52339
54178
54265
52991
52670
53475
53792
54525
53228
52999
54525
52703
53851
52708
53818
51820
52725
54176
52672
53226
52707
54568
53321
54081
53476
52991
53349
53792
52026
52721
54139
52669
53713
53319
51914
53080
52376
53823
51820
51877
52582
52376
53115
52339
52145
52991
54184
54568
53149
52409
53359
52316
52797
51993
53848
52751
52939
51930
54231
55858
53178
52071
52024
52962
54153
53319
53317
53828
51993
52791
52199
52705
52228
53135
53468
53349
53799
52670
54568
52646
53800
51877
52735
51877
53442
54184
52791
52286
53327
51877
52790
52709
52999
52225
52143
52999
54231
52824
52734
51914
52962
52376
52578
53467
53315
52672
54498
52991
53315
52709
53430
53468
52943
52786
53321
53468
53327
55533
52377
52621
54240
52235
52709
52734
52669
51877
52670
52943
53321
52709
52791
55454
52228
51988
53503
53385
52736
53799
52791
52705
52705
53875
52728
52673
53534
52251
52705
52433
52669
51992
52709
53330
54555
55858
55888
53793
54231
53357
53503
52288
51820
52247
52669
52962
54093
51818
52999
53319
51877
52162
52998
52991
51992
52286
52765
53115
52816
52079
52709
52232
53321
52999
52251
52765
52374
53467
53534
52286
52943
53468
51992
52516
54175
51817
52976
52376
53851
52945
53848
54525
54474
52146
52709
52943
53386
54448
52791
52376
52673
52976
53321
53430
53319
53799
54529
53321
55483
52703
51793
52790
52162
52339
54525
52722
51694
52721
53120
52316
52999
51883
52790
53089
52295
54139
51999
52722
52618
53319
52943
54582
52578
52295
51793
52251
53430
51788
