1925
1584
2024
2081
2133
6018
1242
2570
694
1926
2607
1923
1680
301
940
1668
1080
4222
1665
1778
2427
418
1229
744
1059
1674
1316
692
2031
2241
1879
2570
2173
424
520
1036
1316
1955
559
448
336
2356
1657
629
1274
1669
1807
941
1330
2028
1042
1502
2967
2131
1680
427
2236
489
1316
1354
955
1626
1584
912
2018
2031
657
1242
1994
2134
1038
1827
1766
1229
1319
2016
845
1031
1827
1879
4661
2102
941
2172
1166
2956
2524
2018
1756
1204
1315
2972
520
4064
658
2583
1038
965
1350
2031
2265
872
417
1927
658
1680
1927
1264
2277
1028
754
2281
695
1201
1808
2509
1807
754
504
941
2024
1808
1927
1059
1756
914
1668
2238
2956
692
2240
1927
744
1665
2159
858
2083
300
2786
929
2419
2083
1595
430
1285
1924
887
394
859
1756
1059
2768
1054
1666
2745
551
1941
2241
437
1828
1879
1020
2028
549
1205
1092
1665
489
1923
1668
1595
488
1294
1668
685
955
1668
887
2496
889
1876
1929
1401
2207
2094
1725
2419
1949
658
1679
1285
964
430
1585
2116
1943
2516
1725
1323
1202
1316
1285
1807
1059
1665
1401
819
1828
1925
678
744
2200
491
1776
1316
2080
2031
1704
1279
2516
1038
2208
1667
520
1927
2584
586
858
2110
427
2570
1667
1497
2102
400
1316
2031
1401
1323
629
3590
547
1703
427
1625
430
1927
1265
2419
1929
403
1005
900
1803
888
2496
2768
1666
1205
2021
1809
2956
1728
1595
2956
942
2094
1263
2028
400
1231
1808
1207
1573
1264
2524
1927
2570
2006
1666
1929
1809
530
1020
2419
1204
2292
1923
488
1756
887
2240
400
430
1036
887
1382
856
377
1666
2655
2524
1679
955
2083
858
1323
542
2031
1049
1582
489
2745
4465
1704
632
517
1585
2584
1923
1926
2237
542
1315
659
1265
721
1414
2109
1929
1703
1205
2524
1002
2018
430
1278
430
1955
2655
1322
774
1925
431
1316
1266
1595
565
376
1595
2745
1335
1226
488
1585
773
928
2110
1922
1230
2882
1666
1922
941
1667
2109
1584
1350
1927
2109
1925
4459
910
1079
2754
755
941
1289
1204
439
1205
1584
1927
941
1315
4205
721
496
2024
1754
1279
1703
1315
1265
1265
1805
1287
1038
2112
744
1265
913
1204
552
1266
1924
2790
4465
4461
2205
2745
2081
2024
520
400
766
1204
1585
2578
358
1595
1923
430
668
1596
1666
512
774
1317
1456
1035
633
1216
754
1927
1595
744
1277
884
2110
2112
774
1584
2109
552
1054
1807
399
1665
887
2094
1521
1705
2956
1878
378
941
1584
1943
2424
1315
887
1038
1665
1927
1667
1923
2016
2772
1927
4230
942
402
1316
668
888
2956
1040
338
1050
1450
858
1595
436
1316
1455
775
2419
336
1040
1059
1923
1584
2526
928
775
402
744
1667
373
