0.015002290
0.015003690
0.015003800
0.015007690
0.015009600
0.015010060
0.015010100
0.015010670
0.015010680
0.015010690
0.015013560
0.015014080
0.015015160
0.015015230
0.015016240
0.015016460
0.015017200
0.015020920
0.015021090
0.015022780
0.015024840
0.015024950
0.015026120
0.015027150
0.015029130
0.015029660
0.015029890
0.015030240
0.015033230
0.015033990
0.015035230
0.015036610
0.015036810
0.015038150
0.015043520
0.015048370
0.015049740
0.015050970
0.015051050
0.015051080
0.015053010
0.015053020
0.015054630
0.015056350
0.015057290
0.015061050
0.015065430
0.015065700
0.015066320
0.015066550
0.015069230
0.015071750
0.015074430
0.015078160
0.015082040
0.015083070
0.015083190
0.015083750
0.015083960
0.015087550
0.015089450
0.015089630
0.015090400
0.015092330
0.015093300
0.015093800
0.015095680
0.015098780
0.015099490
0.015099670
0.015099850
0.015101700
0.015102680
0.015103690
0.015106750
0.015107120
0.015108620
0.015109530
0.015112410
0.015113190
0.015115370
0.015115610
0.015117200
0.015118530
0.015119580
0.015120330
0.015121570
0.015121730
0.015125640
0.015128250
0.015135650
0.015135880
0.015135890
0.015137120
0.015138940
0.015143190
0.015143960
0.015143980
0.015147740
0.015149350
0.015149970
0.015152130
0.015154590
0.015154680
0.015155610
0.015156840
0.015159760
0.015160240
0.015161660
0.015164170
0.015166110
0.015172430
0.015174050
0.015175710
0.015178560
0.015179060
0.015179540
0.015181790
0.015189190
0.015189650
0.015193820
0.015204250
0.015204530
0.015205360
0.015217290
0.015221060
0.015222330
0.015222390
0.015222910
0.015223330
0.015225990
0.015230900
0.015233350
0.015234070
0.015234150
0.015235680
0.015238570
0.015240760
0.015242250
0.015242460
0.015247880
0.015250090
0.015250750
0.015251820
0.015252640
0.015254920
0.015259700
0.015260790
0.015261450
0.015261660
0.015263160
0.015263700
0.015264710
0.015265370
0.015274370
0.015275100
0.015276650
0.015276880
0.015276920
0.015277890
0.015278500
0.015279770
0.015280310
0.015280980
0.015281370
0.015282440
0.015284240
0.015285290
0.015285470
0.015285670
0.015286330
0.015290190
0.015293320
0.015293400
0.015293770
0.015293810
0.015294010
0.015295460
0.015299090
0.015300540
0.015305630
0.015305880
0.015310320
0.015311910
0.015312900
0.015313050
0.015313480
0.015314500
0.015315030
0.015316070
0.015317700
0.015318150
0.015325960
0.015326270
0.015327690
0.015327980
0.015329040
0.015329090
0.015330760
0.015331190
0.015332010
0.015333760
0.015333790
0.015334090
0.015334680
0.015338580
0.015338880
0.015340820
0.015345500
0.015345700
0.015351670
0.015352730
0.015352910
0.015353330
0.015353820
0.015356560
0.015357510
0.015358140
0.015360560
0.015361250
0.015362050
0.015362150
0.015362910
0.015363380
0.015364190
0.015365220
0.015366390
0.015368370
0.015370000
0.015371450
0.015371920
0.015371990
0.015372520
0.015372810
0.015374350
0.015376450
0.015376810
0.015380970
0.015384510
0.015388440
0.015390550
0.015392470
0.015393220
0.015393400
0.015394570
0.015396210
0.015396740
0.015398510
0.015400210
0.015400310
0.015403530
0.015405750
0.015405780
0.015408140
0.015410830
0.015412740
0.015414190
0.015415530
0.015419600
0.015422700
0.015423440
0.015423490
0.015423750
0.015428140
0.015428660
0.015432670
0.015432740
0.015434760
0.015435620
0.015438050
0.015440360
0.015444480
0.015444910
0.015446190
0.015446950
0.015448400
0.015448580
0.015450710
0.015451860
0.015451980
0.015453510
0.015453510
0.015453770
0.015456500
0.015457120
0.015457320
0.015459160
0.015459370
0.015462110
0.015468460
0.015469780
0.015470310
0.015473000
0.015475640
0.015476660
0.015477330
0.015481820
0.015484470
0.015485120
0.015486650
0.015488580
0.015491400
0.015493120
0.015495000
0.015495440
0.015496380
0.015496900
0.015497050
0.015499490
0.015503380
0.015503410
0.015504590
0.015507480
0.015507820
0.015507980
0.015510570
0.015513850
0.015519180
0.015519180
0.015521700
0.015521720
0.015522200
0.015524190
0.015524190
0.015524320
0.015525680
0.015527820
0.015529370
0.015530110
0.015531200
0.015531680
0.015534220
0.015535600
0.015538560
0.015539310
0.015539400
0.015542120
0.015542170
0.015545400
0.015546400
0.015546580
0.015547050
0.015547310
0.015547760
0.015548190
0.015550170
0.015552270
0.015554490
0.015555950
0.015556370
0.015557820
0.015558120
0.015558380
0.015558880
0.015558990
0.015559310
0.015559670
0.015560760
0.015560800
0.015563460
0.015567710
0.015569800
0.015570630
0.015574060
0.015574950
0.015575320
0.015575660
0.015576570
0.015578820
0.015579250
0.015579760
0.015582970
0.015585910
0.015586200
0.015586320
0.015587570
0.015587920
0.015589910
0.015590220
0.015590360
0.015591940
0.015593740
0.015594640
0.015594670
0.015594730
0.015595170
0.015595410
0.015595450
0.015597310
0.015599030
0.015601820
0.015603060
0.015603160
0.015604720
0.015605490
0.015606190
0.015607000
0.015607340
0.015607910
0.015608150
0.015608670
0.015608880
0.015610630
0.015613370
0.015613630
0.015617010
0.015617590
0.015619830
0.015623840
0.015624940
0.015627720
0.015628350
0.015631260
0.015633140
0.015636750
0.015637040
0.015637490
0.015639560
0.015641240
0.015644100
0.015644360
0.015647190
0.015648760
0.015649020
0.015649170
0.015649270
0.015650190
0.015652310
0.015655220
0.015655890
0.015657180
0.015657830
0.015659140
0.015661350
0.015662100
0.015662340
0.015662390
0.015662550
0.015663010
0.015663940
0.015664090
0.015664490
0.015666490
0.015668520
0.015668760
0.015669480
0.015671860
0.015671870
0.015674030
0.015675760
0.015676080
0.015677980
0.015678120
0.015679150
0.015680120
0.015683350
0.015685440
0.015689180
0.015690470
0.015695300
0.015696200
0.015696200
0.015697250
0.015698510
0.015699090
0.015699280
0.015700250
0.015702600
0.015705510
0.015708100
0.015708100
0.015710970
0.015712260
0.015712450
0.015712790
0.015714410
0.015715770
0.015717320
0.015717360
0.015718090
0.015721620
0.015722410
0.015722810
0.015724100
0.015724240
0.015724910
0.015724970
0.015729730
0.015729980
0.015730100
0.015731530
0.015733790
0.015734020
0.015734100
0.015734580
0.015735810
0.015737420
0.015738850
0.015738900
0.015738920
