	0.019000	9.6990	0.09000000	0.0900	-3.4351	3.3558	5.2026	13.358	26.056	22.408	20.349	17.459	14.731	11.152	10.564	10.227	25.54494667	1
	0.019000	9.6990	0.09511158	0.0951	-3.3438	3.3684	5.1855	13.129	25.064	21.667	19.665	16.939	14.320	10.954	10.365	10.027	25.64461136	1
	0.019000	9.6990	0.10000000	0.1000	-3.2609	3.3798	5.1700	12.922	24.168	20.996	19.044	16.466	13.946	10.774	10.184	9.846	25.72882462	1
	0.019000	9.6990	0.12000000	0.1200	-3.0076	3.4118	5.1239	12.289	21.615	19.064	17.251	15.087	12.844	10.216	9.624	9.289	25.99129868	1
	0.019000	9.6990	0.14000000	0.1400	-2.8206	3.4335	5.0907	11.821	19.889	17.736	16.015	14.123	12.063	9.799	9.206	8.874	26.16800117	1
	0.019000	9.6990	0.16000000	0.1600	-2.6776	3.4479	5.0631	11.464	18.828	16.877	15.220	13.480	11.530	9.474	8.879	8.553	26.29399681	1
	0.019000	9.6990	0.18703963	0.1870	-2.5264	3.4610	5.0323	11.086	17.846	16.067	14.452	12.845	11.009	9.127	8.530	8.213	26.41522408	1
	0.019000	9.6990	0.20000000	0.2000	-2.4616	3.4666	5.0191	10.924	17.453	15.736	14.141	12.585	10.795	8.978	8.380	8.067	26.45989799	1
	0.019000	9.6990	0.25000000	0.2500	-2.2556	3.4830	4.9757	10.409	16.323	14.766	13.216	11.797	10.144	8.502	7.900	7.601	26.58264732	1
	0.019000	9.6990	0.30000001	0.3000	-2.0903	3.4950	4.9372	9.996	15.528	14.062	12.538	11.203	9.651	8.117	7.511	7.224	26.65883064	1
	0.019000	9.6990	0.30388674	0.3039	-2.0776	3.4957	4.9331	9.964	15.474	14.013	12.492	11.162	9.615	8.087	7.480	7.195	26.66353416	1
	0.019000	9.6990	0.34999999	0.3500	-1.9358	3.5037	4.8847	9.609	14.885	13.482	11.988	10.709	9.217	7.751	7.139	6.862	26.71012115	1
	0.019000	9.6990	0.40000001	0.4000	-1.7935	3.5151	4.8458	9.254	14.255	12.903	11.437	10.220	8.807	7.422	6.801	6.537	26.74669075	1
	0.019000	9.6990	0.44999999	0.4500	-1.6466	3.5272	4.7986	8.887	13.640	12.324	10.887	9.728	8.392	7.085	6.452	6.201	26.77390862	1
	0.019000	9.6990	0.50000000	0.5000	-1.4957	3.5412	4.7494	8.509	13.033	11.732	10.324	9.224	7.968	6.742	6.095	5.859	26.79484558	1
	0.019000	9.6990	0.55000001	0.5500	-1.3328	3.5590	4.6993	8.102	12.395	11.079	9.692	8.654	7.511	6.382	5.717	5.501	26.81138420	1
	0.019000	9.6990	0.59988141	0.5999	-1.1695	3.5818	4.6646	7.694	11.744	10.383	9.010	8.035	7.055	6.037	5.353	5.165	26.82470322	1
	0.019000	9.6990	0.60000002	0.6000	-1.1691	3.5818	4.6645	7.693	11.743	10.382	9.008	8.034	7.054	6.036	5.352	5.165	26.82473183	1
	0.019000	9.6990	0.64999998	0.6500	-1.0028	3.6096	4.6440	7.277	11.060	9.638	8.315	7.406	6.602	5.689	4.996	4.851	26.83570099	1
	0.019000	9.6990	0.68516904	0.6851	-0.8882	3.6303	4.6353	6.990	10.529	9.096	7.839	6.980	6.298	5.452	4.773	4.657	26.84230042	1
	0.019000	9.6990	0.69999999	0.7000	-0.8414	3.6388	4.6316	6.874	10.274	8.868	7.644	6.811	6.176	5.357	4.689	4.585	26.84485245	1
	0.019000	9.6990	0.73926705	0.7392	-0.7163	3.6632	4.6278	6.561	9.437	8.229	7.117	6.371	5.847	5.115	4.510	4.426	26.85103035	1
	0.019000	9.6990	0.75000000	0.7499	-0.6831	3.6696	4.6264	6.478	9.206	8.064	6.982	6.263	5.760	5.051	4.467	4.386	26.85258675	1
	0.019000	9.6990	0.75748855	0.7574	-0.6615	3.6728	4.6221	6.424	9.076	7.969	6.904	6.198	5.704	5.007	4.434	4.355	26.85364342	1
	0.019000	9.6990	0.80000001	0.7999	-0.5414	3.6908	4.5975	6.124	8.380	7.463	6.480	5.848	5.399	4.764	4.248	4.177	26.85919762	1
	0.019000	9.6990	0.81943256	0.8193	-0.4872	3.6986	4.5852	5.988	8.078	7.246	6.298	5.697	5.264	4.655	4.163	4.096	26.86151314	1
	0.019000	9.6990	0.85812634	0.8580	-0.3813	3.7138	4.5598	5.723	7.520	6.841	5.956	5.406	5.003	4.444	3.996	3.935	26.86576080	1
	0.019000	9.6990	0.88421923	0.8841	-0.3112	3.7236	4.5419	5.548	7.166	6.584	5.739	5.220	4.833	4.306	3.884	3.826	26.86837769	1
	0.019000	9.6990	0.90833402	0.9082	-0.2461	3.7319	4.5221	5.385	6.858	6.356	5.544	5.049	4.676	4.175	3.775	3.721	26.87064171	1
	0.019000	9.6990	0.93421930	0.9340	-0.1768	3.7406	4.4996	5.212	6.540	6.116	5.340	4.870	4.512	4.038	3.659	3.609	26.87291908	1
	0.019000	9.6990	0.95926964	0.9590	-0.1097	3.7483	4.4746	5.044	6.254	5.895	5.149	4.700	4.354	3.902	3.542	3.495	26.87498665	1
	0.019000	9.6990	0.98421925	0.9840	-0.0431	3.7555	4.4480	4.878	5.986	5.681	4.964	4.533	4.197	3.765	3.423	3.378	26.87692261	1
	0.019000	9.6990	0.98663807	0.9864	-0.0367	3.7561	4.4452	4.862	5.961	5.661	4.947	4.516	4.182	3.752	3.411	3.366	26.87710381	1
	0.019000	9.6990	1.00085807	1.0006	0.0014	3.7598	4.4281	4.766	5.814	5.542	4.842	4.421	4.092	3.672	3.340	3.296	26.87815094	1
	0.019000	9.6990	1.01493216	1.0146	0.0390	3.7634	4.4107	4.672	5.676	5.426	4.740	4.328	4.004	3.594	3.270	3.227	26.87915421	1
	0.019000	9.6990	1.02787125	1.0275	0.0736	3.7664	4.3940	4.586	5.551	5.320	4.647	4.242	3.923	3.522	3.204	3.163	26.88004684	1
	0.019000	9.6990	1.03421926	1.0339	0.0905	3.7679	4.3856	4.544	5.490	5.269	4.601	4.200	3.883	3.486	3.172	3.131	26.88047600	1
	0.019000	9.6990	1.04390907	1.0436	0.1160	3.7700	4.3723	4.480	5.401	5.192	4.533	4.136	3.823	3.431	3.122	3.081	26.88111687	1
	0.019000	9.6990	1.05764568	1.0573	0.1520	3.7727	4.3529	4.390	5.277	5.085	4.438	4.048	3.740	3.355	3.051	3.012	26.88200378	1
	0.019000	9.6990	1.07044005	1.0700	0.1851	3.7750	4.3343	4.307	5.166	4.987	4.350	3.967	3.662	3.284	2.986	2.947	26.88280678	1
	0.019000	9.6990	1.08234894	1.0819	0.2153	3.7769	4.3165	4.232	5.067	4.899	4.271	3.892	3.591	3.218	2.924	2.887	26.88353348	1
	0.019000	9.6990	1.09348178	1.0930	0.2428	3.7784	4.2995	4.163	4.980	4.820	4.199	3.824	3.526	3.157	2.866	2.830	26.88419533	1
	0.019000	9.6990	1.10495150	1.1045	0.2709	3.7798	4.2814	4.093	4.893	4.741	4.126	3.755	3.459	3.094	2.806	2.770	26.88486290	1
	0.019000	9.6990	1.11552751	1.1150	0.2977	3.7810	4.2636	4.026	4.809	4.666	4.057	3.690	3.396	3.034	2.749	2.713	26.88546181	1
	0.019000	9.6990	1.11843848	1.1179	0.3054	3.7813	4.2584	4.007	4.785	4.644	4.038	3.672	3.378	3.017	2.732	2.697	26.88562584	1
	0.019000	9.6990	1.12733257	1.1268	0.3276	3.7819	4.2419	3.951	4.721	4.585	3.981	3.618	3.325	2.965	2.681	2.646	26.88611603	1
	0.019000	9.6990	1.14059317	1.1401	0.3609	3.7825	4.2161	3.868	4.629	4.497	3.897	3.536	3.245	2.885	2.603	2.568	26.88683319	1
	0.019000	9.6990	1.14246273	1.1419	0.3654	3.7826	4.2124	3.856	4.617	4.485	3.886	3.525	3.233	2.874	2.592	2.557	26.88693237	1
	0.019000	9.6990	1.15012455	1.1496	0.3894	3.7833	4.1942	3.796	4.547	4.420	3.825	3.466	3.176	2.818	2.537	2.503	26.88733482	1
	0.019000	9.6990	1.15623963	1.1557	0.4108	3.7840	4.1779	3.743	4.483	4.361	3.770	3.414	3.125	2.769	2.489	2.456	26.88765335	1
	0.019000	9.6990	1.16260839	1.1620	0.4363	3.7848	4.1581	3.679	4.408	4.291	3.705	3.352	3.065	2.710	2.432	2.399	26.88797951	1
	0.019000	9.6990	1.16620266	1.1656	0.4536	3.7854	4.1447	3.636	4.356	4.244	3.661	3.310	3.024	2.671	2.394	2.361	26.88816071	2
	0.019000	9.6990	1.16843855	1.1678	0.4600	3.7853	4.1386	3.620	4.342	4.228	3.645	3.294	3.008	2.654	2.377	2.344	26.88827324	2
	0.019000	9.6990	1.19173896	1.1911	0.5317	3.7837	4.0690	3.441	4.185	4.058	3.467	3.112	2.823	2.465	2.186	2.152	26.88941956	2
	0.019000	9.6990	1.21130288	1.2106	0.5931	3.7789	3.9956	3.287	4.093	3.934	3.320	2.951	2.654	2.285	1.998	1.960	26.89034081	2
	0.019000	9.6990	1.21843851	1.2177	0.6152	3.7757	3.9633	3.232	4.071	3.897	3.270	2.895	2.593	2.214	1.920	1.881	26.89066887	2
	0.019000	9.6990	1.22817385	1.2274	0.6371	3.7675	3.9117	3.177	4.102	3.892	3.232	2.839	2.523	2.121	1.806	1.766	26.89110947	2
	0.019000	9.6990	1.23486304	1.2340	0.6354	3.7561	3.8705	3.182	4.237	3.966	3.263	2.844	2.510	2.077	1.735	1.691	26.89140701	2
	0.019000	9.6990	1.23888946	1.2380	0.6175	3.7447	3.8441	3.226	4.427	4.084	3.337	2.893	2.541	2.074	1.704	1.657	26.89158440	2
	0.019000	9.6990	1.24169779	1.2408	0.5970	3.7343	3.8238	3.277	4.624	4.207	3.420	2.951	2.582	2.083	1.686	1.636	26.89170647	2
	0.019000	9.6990	1.24435008	1.2435	0.5784	3.7233	3.7996	3.324	4.840	4.336	3.505	3.008	2.621	2.087	1.662	1.607	26.89182091	2
	0.019000	9.6990	1.24752164	1.2466	0.5731	3.7110	3.7566	3.337	5.057	4.446	3.568	3.038	2.630	2.055	1.594	1.536	26.89195824	2
	0.019000	9.6990	1.25060964	1.2497	0.5987	3.7024	3.6977	3.273	5.143	4.455	3.543	2.989	2.565	1.961	1.476	1.414	26.89209175	2
	0.019000	9.6990	1.25148880	1.2506	0.6106	3.7006	3.6788	3.244	5.144	4.441	3.522	2.962	2.535	1.925	1.435	1.372	26.89212990	3
	0.019000	9.6990	1.25296247	1.2521	0.6368	3.6984	3.6446	3.178	5.115	4.394	3.466	2.901	2.469	1.852	1.356	1.292	26.89219284	3
	0.019000	9.6990	1.25533330	1.2544	0.6840	3.6957	3.5872	3.060	5.043	4.301	3.362	2.790	2.352	1.725	1.220	1.155	26.89229393	3
	0.019000	9.6990	1.25766242	1.2567	0.7361	3.6935	3.5273	2.930	4.946	4.189	3.241	2.665	2.223	1.588	1.076	1.011	26.89239311	3
	0.019000	9.6990	1.25969553	1.2587	0.7863	3.6919	3.4713	2.804	4.848	4.078	3.123	2.543	2.098	1.457	0.941	0.875	26.89247894	3
	0.019000	9.6990	1.26122820	1.2603	0.8269	3.6907	3.4262	2.703	4.769	3.989	3.028	2.445	1.997	1.351	0.831	0.765	26.89254189	3
	0.019000	9.6990	1.26300478	1.2620	0.8784	3.6891	3.3690	2.574	4.670	3.876	2.907	2.320	1.869	1.217	0.692	0.625	26.89261818	3
	0.019000	9.6990	1.26429164	1.2633	0.9185	3.6878	3.3243	2.474	4.593	3.789	2.813	2.223	1.769	1.112	0.584	0.517	26.89267159	3
	0.019000	9.6990	1.26574421	1.2647	0.9681	3.6862	3.2686	2.350	4.500	3.682	2.698	2.103	1.646	0.983	0.450	0.382	26.89273262	3
	0.019000	9.6990	1.26709783	1.2660	1.0186	3.6844	3.2114	2.224	4.408	3.575	2.581	1.982	1.520	0.851	0.313	0.244	26.89278793	3
	0.019000	9.6990	1.26829553	1.2672	1.0679	3.6825	3.1550	2.100	4.320	3.471	2.467	1.863	1.398	0.721	0.178	0.108	26.89283752	3
	0.019000	9.6990	1.26843858	1.2674	1.0740	3.6823	3.1481	2.085	4.310	3.458	2.453	1.848	1.383	0.705	0.161	0.091	26.89284325	3
	0.019000	9.6990	1.26871920	1.2676	1.0858	3.6819	3.1346	2.056	4.289	3.433	2.426	1.820	1.353	0.674	0.129	0.059	26.89285469	3
	0.019000	9.6990	1.26978314	1.2687	1.1348	3.6798	3.0778	1.933	4.206	3.332	2.314	1.703	1.232	0.545	-0.006	-0.077	26.89290047	3
	0.019000	9.6990	1.27075696	1.2696	1.1846	3.6777	3.0199	1.809	4.126	3.231	2.202	1.585	1.109	0.414	-0.144	-0.216	26.89294052	3
	0.019000	9.6990	1.27158511	1.2704	1.2311	3.6756	2.9653	1.692	4.053	3.137	2.098	1.475	0.994	0.291	-0.273	-0.346	26.89297485	3
	0.019000	9.6990	1.27234209	1.2711	1.2779	3.6734	2.9101	1.575	3.982	3.044	1.994	1.364	0.879	0.167	-0.403	-0.478	26.89300537	3
	0.019000	9.6990	1.27301848	1.2717	1.3236	3.6713	2.8559	1.461	3.913	2.952	1.893	1.257	0.766	0.047	-0.530	-0.606	26.89303398	3
	0.019000	9.6990	1.27363753	1.2723	1.3690	3.6690	2.8015	1.348	3.848	2.864	1.794	1.151	0.655	-0.074	-0.658	-0.735	26.89305878	3
	0.019000	9.6990	1.27418590	1.2728	1.4123	3.6668	2.7496	1.239	3.788	2.781	1.700	1.050	0.549	-0.188	-0.779	-0.858	26.89308167	3
	0.019000	9.6990	1.27469039	1.2733	1.4548	3.6645	2.6983	1.133	3.731	2.700	1.608	0.952	0.445	-0.301	-0.898	-0.979	26.89310265	3
	0.019000	9.6990	1.27516305	1.2737	1.4965	3.6623	2.6477	1.029	3.676	2.621	1.518	0.855	0.343	-0.411	-1.016	-1.098	26.89312172	3
	0.019000	9.6990	1.27561581	1.2741	1.5358	3.6601	2.5999	0.930	3.625	2.547	1.434	0.764	0.247	-0.516	-1.127	-1.210	26.89313889	3
	0.019000	9.6990	1.27618515	1.2745	1.5744	3.6580	2.5530	0.834	3.577	2.476	1.352	0.676	0.154	-0.618	-1.235	-1.320	26.89316368	3
	0.019000	9.6990	1.27630293	1.2746	1.5778	3.6579	2.5490	0.825	3.572	2.469	1.345	0.668	0.145	-0.627	-1.245	-1.330	26.89316750	3
	0.019000	9.6990	1.27677608	1.2750	1.5425	3.6603	2.5942	0.914	3.605	2.529	1.416	0.747	0.231	-0.532	-1.142	-1.225	26.89318657	3
	0.019000	9.6990	1.27698302	1.2752	1.5143	3.6621	2.6298	0.984	3.634	2.578	1.474	0.811	0.299	-0.456	-1.061	-1.143	26.89319611	3
	0.019000	9.6990	1.27705598	1.2753	1.5227	3.6617	2.6195	0.963	3.624	2.563	1.456	0.792	0.279	-0.479	-1.085	-1.167	26.89319801	3
	0.019000	9.6990	1.27746034	1.2756	1.5680	3.6591	2.5640	0.850	3.569	2.479	1.360	0.688	0.168	-0.599	-1.213	-1.297	26.89321518	3
	0.019000	9.6990	1.27786493	1.2759	1.6138	3.6564	2.5076	0.735	3.515	2.396	1.265	0.584	0.057	-0.721	-1.343	-1.429	26.89323235	3
	0.019000	9.6990	1.27824032	1.2762	1.6590	3.6538	2.4519	0.622	3.478	2.320	1.171	0.481	-0.053	-0.841	-1.472	-1.559	26.89324760	3
	0.019000	9.6990	1.27858853	1.2765	1.7042	3.6510	2.3959	0.510	3.445	2.246	1.079	0.378	-0.164	-0.963	-1.601	-1.690	26.89326096	3
	0.019000	9.6990	1.27890956	1.2767	1.7492	3.6483	2.3399	0.397	3.414	2.175	0.988	0.277	-0.274	-1.083	-1.729	-1.820	26.89327431	3
	0.019000	9.6990	1.27920008	1.2769	1.7934	3.6455	2.2847	0.287	3.389	2.106	0.900	0.178	-0.381	-1.201	-1.855	-1.949	26.89328575	3
	0.019000	9.6990	1.27947128	1.2771	1.8379	3.6427	2.2290	0.175	3.363	2.037	0.812	0.079	-0.489	-1.320	-1.982	-2.078	26.89329720	3
	0.019000	9.6990	1.27972221	1.2772	1.8822	3.6398	2.1733	0.065	3.340	1.970	0.724	-0.020	-0.596	-1.439	-2.109	-2.207	26.89330673	3
	0.019000	9.6990	1.27995014	1.2773	1.9260	3.6369	2.1180	-0.045	3.320	1.906	0.641	-0.114	-0.701	-1.556	-2.235	-2.335	26.89331627	3
	0.019000	9.6990	1.28016233	1.2773	1.9703	3.6340	2.0620	-0.156	3.301	1.841	0.556	-0.210	-0.808	-1.674	-2.362	-2.464	26.89332581	3
	0.019000	9.6990	1.28035402	1.2774	2.0137	3.6310	2.0067	-0.264	3.285	1.779	0.475	-0.303	-0.912	-1.790	-2.487	-2.592	26.89333344	3
	0.019000	9.6990	1.28053081	1.2774	2.0571	3.6281	1.9515	-0.373	3.278	1.721	0.395	-0.394	-1.016	-1.907	-2.611	-2.719	26.89333916	3
	0.019000	9.6990	1.28069222	1.2773	2.1000	3.6251	1.8965	-0.480	3.275	1.665	0.318	-0.483	-1.118	-2.022	-2.734	-2.845	26.89334679	3
	0.019000	9.6990	1.28084064	1.2773	2.1428	3.6221	1.8418	-0.587	3.273	1.610	0.241	-0.571	-1.220	-2.136	-2.856	-2.970	26.89335251	3
	0.019000	9.6990	1.28098023	1.2772	2.1861	3.6190	1.7861	-0.695	3.271	1.556	0.164	-0.660	-1.323	-2.252	-2.980	-3.097	26.89335823	3
	0.019000	9.6990	1.28110611	1.2771	2.2283	3.6159	1.7315	-0.801	3.270	1.505	0.093	-0.741	-1.423	-2.365	-3.101	-3.222	26.89336395	3
	0.019000	9.6990	1.28122234	1.2770	2.2704	3.6128	1.6771	-0.906	3.269	1.454	0.022	-0.824	-1.523	-2.478	-3.222	-3.346	26.89336777	3
	0.019000	9.6990	1.28133166	1.2768	2.3132	3.6096	1.6215	-1.013	3.271	1.405	-0.049	-0.908	-1.623	-2.592	-3.345	-3.472	26.89337349	3
	0.019000	9.6990	1.28142810	1.2766	2.3538	3.6065	1.5683	-1.115	3.269	1.360	-0.112	-0.980	-1.719	-2.701	-3.462	-3.593	26.89337730	3
	0.019000	9.6990	1.28152156	1.2764	2.3962	3.6033	1.5131	-1.220	3.267	1.311	-0.178	-1.057	-1.818	-2.814	-3.583	-3.718	26.89338112	3
	0.019000	9.6990	1.28160524	1.2761	2.4370	3.6001	1.4592	-1.322	3.263	1.264	-0.240	-1.129	-1.913	-2.924	-3.701	-3.840	26.89338303	3
	0.019000	9.6990	1.28168178	1.2758	2.4771	3.5969	1.4062	-1.423	3.253	1.219	-0.295	-1.190	-2.005	-3.031	-3.817	-3.960	26.89338684	3
	0.019000	9.6990	1.28175509	1.2755	2.5185	3.5936	1.3514	-1.526	3.243	1.173	-0.351	-1.254	-2.101	-3.143	-3.936	-4.084	26.89339066	3
	0.019000	9.6990	1.28182030	1.2751	2.5582	3.5902	1.2982	-1.625	3.240	1.131	-0.403	-1.314	-2.192	-3.249	-4.052	-4.204	26.89339256	3
	0.019000	9.6990	1.28188074	1.2747	2.5975	3.5869	1.2456	-1.724	3.231	1.092	-0.446	-1.362	-2.282	-3.355	-4.166	-4.323	26.89339447	3
	0.019000	9.6990	1.28193891	1.2742	2.6380	3.5835	1.1913	-1.825	3.223	1.052	-0.490	-1.411	-2.374	-3.464	-4.284	-4.446	26.89339638	3
	0.019000	9.6990	1.28199124	1.2737	2.6769	3.5800	1.1382	-1.922	3.223	1.018	-0.528	-1.455	-2.462	-3.570	-4.398	-4.565	26.89340019	3
	0.019000	9.6990	1.28203988	1.2732	2.7154	3.5765	1.0857	-2.018	3.215	0.993	-0.550	-1.487	-2.545	-3.674	-4.510	-4.683	26.89340210	3
	0.019000	9.6990	1.28208590	1.2726	2.7541	3.5731	1.0329	-2.115	3.208	0.967	-0.574	-1.519	-2.630	-3.780	-4.624	-4.801	26.89340401	3
	0.019000	9.6990	1.28212905	1.2719	2.7928	3.5695	0.9795	-2.212	3.217	0.950	-0.593	-1.550	-2.714	-3.885	-4.736	-4.920	26.89340401	3
	0.019000	9.6990	1.28217757	1.2710	2.8392	3.5649	0.9146	-2.328	3.259	0.958	-0.596	-1.580	-2.807	-4.013	-4.867	-5.061	26.89340591	3
	0.019000	9.6990	1.28222251	1.2700	2.8855	3.5603	0.8496	-2.444	3.307	0.963	-0.602	-1.610	-2.903	-4.140	-4.998	-5.202	26.89340782	3
	0.019000	9.6990	1.28226340	1.2689	2.9307	3.5557	0.7857	-2.557	3.356	0.989	-0.582	-1.626	-2.987	-4.265	-5.125	-5.340	26.89340973	3
	0.019000	9.6990	1.28230155	1.2676	2.9756	3.5510	0.7215	-2.669	3.413	1.016	-0.558	-1.637	-3.072	-4.388	-5.253	-5.478	26.89341164	3
	0.019000	9.6990	1.28233719	1.2662	3.0203	3.5463	0.6574	-2.781	3.469	1.063	-0.510	-1.635	-3.146	-4.511	-5.379	-5.615	26.89341354	3
	0.019000	9.6990	1.28236985	1.2647	3.0640	3.5416	0.5941	-2.890	3.530	1.115	-0.455	-1.627	-3.218	-4.632	-5.502	-5.749	26.89341545	3
	0.019000	9.6990	1.28240061	1.2629	3.1080	3.5367	0.5302	-3.000	3.597	1.195	-0.372	-1.606	-3.277	-4.753	-5.626	-5.885	26.89341545	3
	0.019000	9.6990	1.28242886	1.2610	3.1509	3.5318	0.4670	-3.107	3.639	1.285	-0.272	-1.575	-3.324	-4.871	-5.750	-6.019	26.89341736	3
	0.019000	9.6990	1.28245544	1.2588	3.1937	3.5269	0.4038	-3.214	3.661	1.409	-0.139	-1.530	-3.343	-4.991	-5.875	-6.153	26.89341736	3
	0.019000	9.6990	1.28247988	1.2565	3.2351	3.5219	0.3416	-3.318	3.693	1.563	0.021	-1.471	-3.344	-5.108	-5.997	-6.284	26.89341927	3
	0.019000	9.6990	1.28250301	1.2538	3.2766	3.5168	0.2787	-3.422	3.719	1.719	0.172	-1.409	-3.331	-5.224	-6.119	-6.415	26.89341927	3
	0.019000	9.6990	1.28252459	1.2508	3.3172	3.5116	0.2163	-3.523	3.745	1.887	0.326	-1.339	-3.303	-5.337	-6.239	-6.544	26.89342117	3
	0.019000	9.6990	1.28254497	1.2475	3.3574	3.5064	0.1542	-3.624	3.768	2.056	0.483	-1.260	-3.260	-5.447	-6.358	-6.672	26.89342117	3
	0.019000	9.6990	1.28256929	1.2427	3.4038	3.5002	0.0815	-3.739	3.801	2.270	0.683	-1.151	-3.194	-5.573	-6.495	-6.821	26.89342308	4
	0.019000	9.6990	1.28256929	1.2429	1.7098	3.6663	2.4399	0.495	3.057	2.045	0.952	0.308	-0.193	-0.935	-1.523	-1.603	26.89342308	4
	0.019000	9.6990	1.28281224	1.2431	1.7214	3.6654	2.4248	0.467	3.052	2.028	0.929	0.282	-0.222	-0.967	-1.558	-1.638	26.89343262	4
	0.019000	9.6990	1.28306258	1.2433	1.7259	3.6652	2.4194	0.455	3.047	2.020	0.919	0.272	-0.233	-0.979	-1.570	-1.651	26.89344215	4
	0.019000	9.6990	1.28331363	1.2435	1.7254	3.6654	2.4210	0.456	3.043	2.018	0.919	0.272	-0.232	-0.977	-1.568	-1.648	26.89345360	4
	0.019000	9.6990	1.28356671	1.2438	1.7237	3.6658	2.4243	0.461	3.038	2.018	0.921	0.275	-0.228	-0.971	-1.561	-1.641	26.89346313	4
	0.019000	9.6990	1.28382707	1.2440	1.7217	3.6662	2.4280	0.466	3.033	2.018	0.923	0.279	-0.223	-0.965	-1.554	-1.634	26.89347267	4
	0.019000	9.6990	1.28408313	1.2442	1.7197	3.6666	2.4315	0.471	3.028	2.018	0.925	0.283	-0.218	-0.959	-1.546	-1.626	26.89348412	4
	0.019000	9.6990	1.28434420	1.2444	1.7178	3.6670	2.4350	0.475	3.023	2.018	0.927	0.286	-0.214	-0.953	-1.540	-1.619	26.89349365	4
	0.019000	9.6990	1.28459573	1.2446	1.7162	3.6673	2.4381	0.480	3.019	2.018	0.929	0.289	-0.210	-0.948	-1.533	-1.613	26.89350510	4
	0.019000	9.6990	1.28485262	1.2448	1.7145	3.6677	2.4413	0.484	3.014	2.018	0.931	0.292	-0.206	-0.943	-1.527	-1.606	26.89351463	4
	0.019000	9.6990	1.28511059	1.2450	1.7133	3.6680	2.4438	0.487	3.010	2.017	0.932	0.294	-0.203	-0.939	-1.522	-1.601	26.89352608	4
	0.019000	9.6990	1.28535545	1.2452	1.7123	3.6682	2.4460	0.489	3.006	2.016	0.933	0.296	-0.201	-0.935	-1.518	-1.597	26.89353561	4
	0.019000	9.6990	1.28559875	1.2454	1.7114	3.6685	2.4479	0.492	3.002	2.015	0.933	0.298	-0.199	-0.933	-1.514	-1.593	26.89354515	4
	0.019000	9.6990	1.28586423	1.2457	1.7107	3.6687	2.4497	0.493	2.997	2.014	0.933	0.298	-0.197	-0.930	-1.511	-1.589	26.89355469	4
	0.019000	9.6990	1.28607142	1.2458	1.7102	3.6689	2.4510	0.494	2.994	2.013	0.933	0.299	-0.196	-0.928	-1.509	-1.587	26.89356422	4
	0.019000	9.6990	1.28613114	1.2459	1.7101	3.6690	2.4513	0.495	2.993	2.013	0.933	0.299	-0.196	-0.928	-1.508	-1.586	26.89356613	4
	0.019000	9.6990	1.28639030	1.2461	1.7097	3.6692	2.4526	0.496	2.989	2.011	0.933	0.299	-0.195	-0.926	-1.506	-1.584	26.89357567	4
	0.019000	9.6990	1.28664231	1.2463	1.7095	3.6693	2.4535	0.496	2.985	2.010	0.932	0.299	-0.195	-0.925	-1.505	-1.583	26.89358711	4
	0.019000	9.6990	1.28689623	1.2466	1.7096	3.6695	2.4541	0.496	2.982	2.008	0.931	0.299	-0.195	-0.925	-1.504	-1.582	26.89359665	4
	0.019000	9.6990	1.28715074	1.2468	1.7100	3.6696	2.4542	0.495	2.979	2.006	0.929	0.298	-0.196	-0.926	-1.504	-1.582	26.89360619	4
	0.019000	9.6990	1.28740549	1.2470	1.7106	3.6697	2.4539	0.493	2.975	2.003	0.927	0.296	-0.198	-0.927	-1.505	-1.583	26.89361763	4
	0.019000	9.6990	1.28766644	1.2472	1.7116	3.6697	2.4531	0.491	2.972	2.001	0.924	0.293	-0.201	-0.930	-1.508	-1.585	26.89362717	4
	0.019000	9.6990	1.28789496	1.2474	1.7128	3.6697	2.4519	0.488	2.970	1.998	0.921	0.290	-0.204	-0.933	-1.511	-1.589	26.89363670	4
	0.019000	9.6990	1.28791845	1.2474	1.7130	3.6697	2.4518	0.488	2.970	1.997	0.921	0.290	-0.204	-0.933	-1.511	-1.589	26.89363861	4
	0.019000	9.6990	1.28817260	1.2476	1.7148	3.6696	2.4498	0.483	2.967	1.994	0.917	0.285	-0.209	-0.938	-1.516	-1.594	26.89364815	4
	0.019000	9.6990	1.28842771	1.2479	1.7171	3.6695	2.4471	0.477	2.965	1.990	0.912	0.280	-0.214	-0.944	-1.522	-1.600	26.89365768	4
	0.019000	9.6990	1.28868127	1.2481	1.7199	3.6693	2.4437	0.470	2.962	1.985	0.906	0.273	-0.221	-0.952	-1.531	-1.609	26.89366913	4
	0.019000	9.6990	1.28893280	1.2483	1.7235	3.6691	2.4391	0.461	2.960	1.979	0.899	0.265	-0.230	-0.961	-1.541	-1.619	26.89367867	4
	0.019000	9.6990	1.28919566	1.2485	1.7279	3.6687	2.4334	0.450	2.958	1.973	0.890	0.255	-0.241	-0.974	-1.554	-1.633	26.89368820	4
	0.019000	9.6990	1.28945518	1.2487	1.7330	3.6683	2.4268	0.437	2.956	1.965	0.880	0.244	-0.253	-0.988	-1.569	-1.648	26.89369965	4
	0.019000	9.6990	1.28971922	1.2489	1.7401	3.6677	2.4175	0.420	2.954	1.955	0.866	0.228	-0.271	-1.007	-1.590	-1.669	26.89370918	4
	0.019000	9.6990	1.28997386	1.2491	1.7476	3.6671	2.4075	0.401	2.952	1.945	0.851	0.211	-0.289	-1.028	-1.613	-1.692	26.89372063	4
	0.019000	9.6990	1.29024088	1.2494	1.7528	3.6667	2.4009	0.388	2.949	1.937	0.841	0.199	-0.302	-1.042	-1.628	-1.708	26.89373016	4
	0.019000	9.6990	1.29050457	1.2496	1.7682	3.6653	2.3799	0.349	2.948	1.916	0.812	0.165	-0.339	-1.085	-1.675	-1.756	26.89374161	4
	0.019000	9.6990	1.29076219	1.2498	1.8032	3.6622	2.3326	0.262	2.942	1.869	0.745	0.087	-0.424	-1.182	-1.781	-1.864	26.89375114	4
	0.019000	9.6990	1.29091668	1.2499	1.8433	3.6587	2.2782	0.162	2.938	1.816	0.669	-0.001	-0.522	-1.293	-1.902	-1.987	26.89375687	4
	0.019000	9.6990	1.29099715	1.2499	1.8856	3.6549	2.2210	0.056	2.937	1.762	0.591	-0.093	-0.624	-1.410	-2.030	-2.117	26.89376068	4
	0.019000	9.6990	1.29103792	1.2500	1.9281	3.6513	2.1640	-0.050	2.933	1.706	0.512	-0.185	-0.726	-1.526	-2.157	-2.247	26.89376259	4
	0.019000	9.6990	1.29105675	1.2500	1.9662	3.6480	2.1128	-0.146	2.933	1.657	0.442	-0.267	-0.818	-1.631	-2.271	-2.364	26.89376259	4
	0.019000	9.6990	1.29106760	1.2500	2.0053	3.6447	2.0604	-0.243	2.934	1.608	0.372	-0.351	-0.911	-1.737	-2.387	-2.483	26.89376259	4
	0.019000	9.6990	1.29107404	1.2500	2.0432	3.6415	2.0097	-0.338	2.934	1.561	0.304	-0.432	-1.002	-1.840	-2.500	-2.598	26.89376450	4
	0.019000	9.6990	1.29107857	1.2500	2.0806	3.6384	1.9597	-0.432	2.943	1.517	0.238	-0.511	-1.092	-1.942	-2.611	-2.712	26.89376450	7
	0.019000	9.6990	1.29107869	1.2500	2.0813	3.6383	1.9589	-0.433	2.943	1.516	0.237	-0.512	-1.093	-1.944	-2.613	-2.713	26.89376450	7
	0.019000	9.6990	1.29108298	1.2500	2.1264	3.6345	1.8986	-0.546	2.957	1.465	0.158	-0.606	-1.200	-2.067	-2.746	-2.850	26.89376450	7
	0.019000	9.6990	1.29108679	1.2500	2.1662	3.6312	1.8456	-0.645	2.969	1.419	0.089	-0.689	-1.295	-2.175	-2.864	-2.970	26.89376450	7
	0.019000	9.6990	1.29109061	1.2500	2.2022	3.6282	1.7976	-0.736	2.980	1.379	0.028	-0.762	-1.380	-2.273	-2.969	-3.079	26.89376450	7
	0.019000	9.6990	1.29110003	1.2500	2.2171	3.6271	1.7781	-0.773	2.983	1.362	0.002	-0.792	-1.415	-2.313	-3.012	-3.123	26.89376450	7
	0.019000	9.6990	1.29110694	1.2500	2.1828	3.6299	1.8238	-0.687	2.971	1.399	0.059	-0.724	-1.335	-2.220	-2.912	-3.019	26.89376450	7
	0.019000	9.6990	1.29112911	1.2500	2.1381	3.6337	1.8834	-0.575	2.958	1.450	0.137	-0.631	-1.228	-2.099	-2.780	-2.885	26.89376640	7
	0.019000	9.6990	1.29129946	1.2499	2.1296	3.6343	1.8945	-0.554	2.958	1.461	0.153	-0.613	-1.208	-2.076	-2.755	-2.859	26.89377213	7
	0.019000	9.6990	1.29142475	1.2499	2.1657	3.6312	1.8461	-0.644	2.970	1.420	0.090	-0.688	-1.294	-2.174	-2.862	-2.969	26.89377785	7
	0.019000	9.6990	1.29152668	1.2498	2.2076	3.6277	1.7903	-0.749	2.983	1.374	0.019	-0.773	-1.393	-2.287	-2.985	-3.095	26.89378166	7
	0.019000	9.6990	1.29161131	1.2497	2.2492	3.6243	1.7347	-0.853	2.996	1.329	-0.050	-0.856	-1.491	-2.400	-3.107	-3.220	26.89378548	7
	0.019000	9.6990	1.29168260	1.2497	2.2908	3.6208	1.6791	-0.957	3.010	1.284	-0.120	-0.940	-1.589	-2.512	-3.229	-3.346	26.89378738	7
	0.019000	9.6990	1.29174340	1.2496	2.3324	3.6173	1.6235	-1.061	3.024	1.242	-0.185	-1.019	-1.686	-2.624	-3.351	-3.471	26.89379120	7
	0.019000	9.6990	1.29179645	1.2494	2.3741	3.6137	1.5676	-1.165	3.038	1.199	-0.251	-1.098	-1.784	-2.736	-3.473	-3.597	26.89379311	7
	0.019000	9.6990	1.29184270	1.2493	2.4156	3.6102	1.5118	-1.269	3.053	1.158	-0.316	-1.177	-1.881	-2.848	-3.594	-3.722	26.89379501	7
	0.019000	9.6990	1.29188371	1.2492	2.4569	3.6066	1.4562	-1.372	3.055	1.114	-0.375	-1.246	-1.976	-2.960	-3.715	-3.848	26.89379501	7
	0.019000	9.6990	1.29192114	1.2490	2.4983	3.6030	1.4004	-1.476	3.057	1.070	-0.434	-1.316	-2.072	-3.071	-3.836	-3.973	26.89379692	7
	0.019000	9.6990	1.29195547	1.2489	2.5393	3.5994	1.3449	-1.578	3.060	1.027	-0.491	-1.384	-2.166	-3.181	-3.956	-4.098	26.89379883	7
	0.019000	9.6990	1.29198766	1.2487	2.5802	3.5958	1.2895	-1.680	3.060	0.987	-0.542	-1.442	-2.259	-3.292	-4.076	-4.223	26.89380074	7
	0.019000	9.6990	1.29201794	1.2484	2.6216	3.5920	1.2330	-1.784	3.063	0.948	-0.593	-1.501	-2.354	-3.404	-4.198	-4.350	26.89380074	7
	0.019000	9.6990	1.29204643	1.2482	2.6632	3.5881	1.1756	-1.888	3.067	0.912	-0.637	-1.553	-2.448	-3.516	-4.321	-4.479	26.89380264	7
	0.019000	9.6990	1.29207277	1.2479	2.7041	3.5843	1.1192	-1.990	3.069	0.879	-0.674	-1.596	-2.540	-3.628	-4.442	-4.605	26.89380264	7
	0.019000	9.6990	1.29209852	1.2476	2.7446	3.5804	1.0632	-2.091	3.074	0.846	-0.711	-1.639	-2.632	-3.738	-4.562	-4.730	26.89380455	7
	0.019000	9.6990	1.29212391	1.2472	2.7870	3.5763	1.0041	-2.198	3.074	0.823	-0.731	-1.669	-2.724	-3.854	-4.688	-4.863	26.89380646	7
	0.019000	9.6990	1.29214573	1.2468	2.8337	3.5716	0.9383	-2.314	3.114	0.818	-0.753	-1.710	-2.825	-3.983	-4.822	-5.006	26.89380646	7
	0.019000	9.6990	1.29216063	1.2465	2.8819	3.5666	0.8700	-2.435	3.165	0.826	-0.758	-1.741	-2.924	-4.116	-4.959	-5.154	26.89380646	7
	0.019000	9.6990	1.29217076	1.2462	2.9266	3.5618	0.8063	-2.547	3.220	0.837	-0.757	-1.764	-3.015	-4.240	-5.087	-5.292	26.89380646	7
	0.019000	9.6990	1.29217947	1.2460	2.9698	3.5571	0.7441	-2.655	3.277	0.862	-0.738	-1.776	-3.098	-4.359	-5.210	-5.426	26.89380836	7
	0.019000	9.6990	1.29218745	1.2457	3.0128	3.5523	0.6818	-2.762	3.340	0.895	-0.707	-1.778	-3.178	-4.478	-5.333	-5.560	26.89380836	7
	0.019000	9.6990	1.29219508	1.2453	3.0553	3.5474	0.6197	-2.868	3.405	0.942	-0.657	-1.770	-3.251	-4.596	-5.455	-5.692	26.89380836	7
	0.019000	9.6990	1.29220259	1.2449	3.0993	3.5423	0.5550	-2.978	3.477	1.006	-0.587	-1.750	-3.321	-4.718	-5.580	-5.830	26.89380836	7
	0.019000	9.6990	1.29220927	1.2445	3.1353	3.5380	0.5015	-3.068	3.542	1.076	-0.512	-1.725	-3.370	-4.818	-5.684	-5.943	26.89380836	7
	0.019000	9.6990	1.29221714	1.2439	3.1736	3.5333	0.4442	-3.164	3.562	1.165	-0.407	-1.687	-3.406	-4.924	-5.797	-6.065	26.89380836	7
	0.019000	9.6990	1.29222536	1.2432	3.2089	3.5289	0.3911	-3.252	3.586	1.261	-0.298	-1.644	-3.430	-5.023	-5.901	-6.177	26.89381027	7
	0.019000	9.6990	1.29223478	1.2422	3.2560	3.5228	0.3194	-3.370	3.631	1.457	-0.093	-1.563	-3.423	-5.157	-6.042	-6.329	26.89381027	7
	0.019000	9.6990	1.29224002	1.2416	3.3051	3.5162	0.2437	-3.493	3.676	1.671	0.118	-1.470	-3.395	-5.296	-6.190	-6.488	26.89381027	7
	0.019000	9.6990	1.29224086	1.2415	3.3142	3.5150	0.2297	-3.515	3.683	1.712	0.155	-1.452	-3.388	-5.321	-6.217	-6.517	26.89381027	7
	0.019000	9.6990	1.29224086	1.2415	3.3142	3.5150	0.2296	-3.515	3.683	1.713	0.157	-1.451	-3.387	-5.321	-6.217	-6.517	26.89381027	8
